3.745401188473624909e-01 9.507143064099161656e-01
3.816829759902196084e-01 9.383425149272813792e-01
3.888258331330767259e-01 9.259707234446465929e-01
3.959686902759338434e-01 9.135989319620118065e-01
4.031115474187909609e-01 9.012271404793770202e-01
7.796910002727692746e-01 5.968501579464869922e-01
7.939767145584835095e-01 5.968501579464869922e-01
8.082624288441977445e-01 5.968501579464869922e-01
8.225481431299119794e-01 5.968501579464869922e-01
8.368338574156262144e-01 5.968501579464869922e-01
1.559945203362026467e-01 5.808361216819946105e-02
1.631373774790597919e-01 7.045540365083430290e-02
1.702802346219169372e-01 8.282719513346914475e-02
1.774230917647740824e-01 9.519898661610398660e-02
1.845659489076312276e-01 1.075707780987388285e-01
6.011150117432088047e-01 7.080725777960454881e-01
6.154007260289230397e-01 7.080725777960454881e-01
6.296864403146372746e-01 7.080725777960454881e-01
6.439721546003515096e-01 7.080725777960454881e-01
6.582578688860657445e-01 7.080725777960454881e-01
5.641157902710025596e-02 7.219987722668247399e-01
7.069729331281454643e-02 7.219987722668247399e-01
8.498300759852883690e-02 7.219987722668247399e-01
9.926872188424312737e-02 7.219987722668247399e-01
1.135544361699574178e-01 7.219987722668247399e-01
2.123391106782761550e-01 1.818249672071006184e-01
2.194819678211333003e-01 1.941967586897354603e-01
2.266248249639904455e-01 2.065685501723703021e-01
2.337676821068475908e-01 2.189403416550051440e-01
2.409105392497047360e-01 2.313121331376399858e-01
6.174815096277165294e-01 6.116531604882808892e-01
6.246243667705736469e-01 6.240249519709156756e-01
6.317672239134307643e-01 6.363967434535504619e-01
6.389100810562878818e-01 6.487685349361852483e-01
6.460529381991449993e-01 6.611403264188200346e-01
4.319450186421157634e-01 2.912291401980419137e-01
4.390878757849728808e-01 2.788573487154070718e-01
4.462307329278299983e-01 2.664855572327722300e-01
4.533735900706871158e-01 2.541137657501373881e-01
4.605164472135442333e-01 2.417419742675025462e-01
3.998609717152554754e-01 4.666566321361542702e-02
4.070038288581125929e-01 3.429387173098059211e-02
4.141466860009697104e-01 2.192208024834575719e-02
4.212895431438268279e-01 9.550288765710920544e-03
4.560699842170359286e-01 7.851759613930135995e-01
4.632128413598930461e-01 7.728041699103788131e-01
4.703556985027501636e-01 7.604323784277440268e-01
4.774985556456072811e-01 7.480605869451092405e-01
4.846414127884643985e-01 7.356887954624744541e-01
3.824619912671627375e-01 9.832308858067881907e-01
3.896048484100198550e-01 9.956026772894229770e-01
4.645041271999772459e-02 6.075448519014383653e-01
5.359326986285486982e-02 6.199166433840731516e-01
6.073612700571201506e-02 6.322884348667079379e-01
6.787898414856916030e-02 6.446602263493427243e-01
7.502184129142630553e-02 6.570320178319775106e-01
4.504992519695429909e-01 1.326496115986652846e-02
4.576421091124001084e-01 2.563675264250136338e-02
4.647849662552572259e-01 3.800854412513619829e-02
4.719278233981143433e-01 5.038033560777103320e-02
4.790706805409714608e-01 6.275212709040586812e-02
9.656320330745593594e-01 8.083973481164611341e-01
9.727748902174164769e-01 8.207691395990959204e-01
9.799177473602735944e-01 8.331409310817307068e-01
9.870606045031307119e-01 8.455127225643654931e-01
9.942034616459878293e-01 8.578845140470002795e-01
1.596625222021419432e-02 2.308938256221489960e-01
2.310910936307133956e-02 2.185220341395141541e-01
3.025196650592848480e-02 2.061502426568793123e-01
3.739482364878563003e-02 1.937784511742444704e-01
4.453768079164277527e-02 1.814066596916096286e-01
6.832635188254582159e-01 6.099966577826209102e-01
6.904063759683153334e-01 5.976248662999861239e-01
6.975492331111724509e-01 5.852530748173513375e-01
7.046920902540295684e-01 5.728812833347165512e-01
7.118349473968866858e-01 5.605094918520817648e-01
1.733646535077720818e-01 3.910606075732407927e-01
1.876503677934863723e-01 3.910606075732407927e-01
2.019360820792006628e-01 3.910606075732407927e-01
2.162217963649149532e-01 3.910606075732407927e-01
2.305075106506292437e-01 3.910606075732407927e-01
6.625222843539819717e-01 3.117110760894109545e-01
6.768079986396962067e-01 3.117110760894109545e-01
6.910937129254104416e-01 3.117110760894109545e-01
7.053794272111246766e-01 3.117110760894109545e-01
7.196651414968389116e-01 3.117110760894109545e-01
2.079416628681888257e-01 5.677003278199914682e-01
2.150845200110459710e-01 5.800721193026262545e-01
2.222273771539031162e-01 5.924439107852610409e-01
2.293702342967602614e-01 6.048157022678958272e-01
2.365130914396174067e-01 6.171874937505306136e-01
9.695846277645585598e-01 7.751328233611145535e-01
9.838703420502727948e-01 7.751328233611145535e-01
9.981560563359870297e-01 7.751328233611145535e-01
3.951502360018144255e-01 9.266588657937941953e-01
4.022930931446715430e-01 9.142870743111594090e-01
4.094359502875286605e-01 9.019152828285246226e-01
4.165788074303857780e-01 8.895434913458898363e-01
4.237216645732428955e-01 8.771716998632550499e-01
9.218742350231168281e-01 8.849250205191949714e-02
9.290170921659739456e-01 7.612071056928465529e-02
9.361599493088310631e-01 6.374891908664981344e-02
9.433028064516881805e-01 5.137712760401497852e-02
9.504456635945452980e-01 3.900533612138014361e-02
5.208342600258236699e-01 9.611720243493491189e-01
5.279771171686807874e-01 9.735438158319839053e-01
5.351199743115379048e-01 9.859156073146186916e-01
5.422628314543950223e-01 9.982873987972534779e-01
3.886772896894820084e-01 2.713490317738959101e-01
3.958201468323391259e-01 2.837208232565307520e-01
4.029630039751962434e-01 2.960926147391655938e-01
4.101058611180533608e-01 3.084644062218004357e-01
4.172487182609104783e-01 3.208361977044352775e-01
5.867511656638482176e-01 9.652553072641379961e-01
5.938940228067053351e-01 9.776270987467727824e-01
6.010368799495624526e-01 9.899988902294075688e-01
1.409242249747626463e-01 8.021969807540396680e-01
1.480670821176197915e-01 8.145687722366744543e-01
1.552099392604769368e-01 8.269405637193092407e-01
1.623527964033340820e-01 8.393123552019440270e-01
1.694956535461912273e-01 8.516841466845788133e-01
1.563640674119393115e-02 4.234014807063696262e-01
2.277926388405107638e-02 4.357732721890044680e-01
2.992212102690822162e-02 4.481450636716393099e-01
3.706497816976536686e-02 4.605168551542741517e-01
4.420783531262251209e-02 4.728886466369089936e-01
1.987156815341724059e-01 5.522117123602399147e-03
1.988424040888051580e-01 7.113419527486499749e-01
2.059852612316623033e-01 6.989701612660151886e-01
2.131281183745194485e-01 6.865983697833804023e-01
2.202709755173765938e-01 6.742265783007456159e-01
2.274138326602337390e-01 6.618547868181108296e-01
7.712703466859457402e-01 7.404465173409036094e-02
7.784132038288028577e-01 6.167286025145552603e-02
7.855560609716599751e-01 4.930106876882069111e-02
7.926989181145170926e-01 3.692927728618585620e-02
7.998417752573742101e-01 2.455748580355102129e-02
6.510770255019444619e-01 9.149596755437807705e-01
6.582198826448015794e-01 9.273314670264155568e-01
6.653627397876586969e-01 9.397032585090503432e-01
6.725055969305158143e-01 9.520750499916851295e-01
6.796484540733729318e-01 9.644468414743199158e-01
6.232981268275579190e-01 3.308980248526491863e-01
6.304409839704150365e-01 3.185262333700143444e-01
6.375838411132721539e-01 3.061544418873795026e-01
6.447266982561292714e-01 2.937826504047446607e-01
6.518695553989863889e-01 2.814108589221098189e-01
3.109823217156622022e-01 3.251833220267470459e-01
3.181251788585193196e-01 3.128115305441122040e-01
3.252680360013764371e-01 3.004397390614773622e-01
3.324108931442335546e-01 2.880679475788425203e-01
3.395537502870906721e-01 2.756961560962076785e-01
5.912977877077271183e-01 2.747217929900641620e-01
5.984406448505842357e-01 2.623500015074293201e-01
6.055835019934413532e-01 2.499782100247944783e-01
6.127263591362984707e-01 2.376064185421596364e-01
6.198692162791555882e-01 2.252346270595247946e-01
4.722149251619492949e-01 1.195942459383017020e-01
4.865006394476635854e-01 1.195942459383017020e-01
5.007863537333778758e-01 1.195942459383017020e-01
5.150720680190921108e-01 1.195942459383017020e-01
5.293577823048063458e-01 1.195942459383017020e-01
8.489138242660838607e-01 7.217295211648732112e-01
8.560566814089409782e-01 7.093577296822384248e-01
8.631995385517980957e-01 6.969859381996036385e-01
8.703423956946552131e-01 6.846141467169688521e-01
8.774852528375123306e-01 6.722423552343340658e-01
7.709671799545609883e-01 4.937955963643907431e-01
7.781100370974181057e-01 5.061673878470255294e-01
7.852528942402752232e-01 5.185391793296603158e-01
7.923957513831323407e-01 5.309109708122951021e-01
7.995386085259894582e-01 5.432827622949298885e-01
7.106628896857873912e-01 1.108908208118313254e-01
7.178057468286445086e-01 1.232626122944661673e-01
7.249486039715016261e-01 1.356344037771010091e-01
7.320914611143587436e-01 1.480061952597358510e-01
7.392343182572158611e-01 1.603779867423706929e-01
2.017192023353961972e-01 8.957635956735193750e-01
2.088620594782533424e-01 9.081353871561541613e-01
2.160049166211104876e-01 9.205071786387889476e-01
2.231477737639676329e-01 9.328789701214237340e-01
2.302906309068247781e-01 9.452507616040585203e-01
3.143559810763266738e-01 5.085706911647027706e-01
3.286416953620409642e-01 5.085706911647027706e-01
3.429274096477552547e-01 5.085706911647027706e-01
3.572131239334695452e-01 5.085706911647027706e-01
3.714988382191838356e-01 5.085706911647027706e-01
1.393314544058756876e-01 6.044173792778172460e-01
1.464743115487328329e-01 5.920455877951824597e-01
1.536171686915899781e-01 5.796737963125476734e-01
1.607600258344471233e-01 5.673020048299128870e-01
1.679028829773042686e-01 5.549302133472781007e-01
7.555511385430486726e-01 2.287981654916224628e-01
7.626939956859057901e-01 2.164263740089876209e-01
7.698368528287629076e-01 2.040545825263527790e-01
7.769797099716200250e-01 1.916827910437179372e-01
7.841225671144771425e-01 1.793109995610830953e-01
2.897514529137680261e-01 1.612212872540044195e-01
3.040371671994823166e-01 1.612212872540044195e-01
3.183228814851966071e-01 1.612212872540044195e-01
3.326085957709108976e-01 1.612212872540044195e-01
3.468943100566251880e-01 1.612212872540044195e-01
8.714605901877177097e-01 8.036720768991144626e-01
8.857463044734319446e-01 8.036720768991144626e-01
9.000320187591461796e-01 8.036720768991144626e-01
9.143177330448604145e-01 8.036720768991144626e-01
9.286034473305746495e-01 8.036720768991144626e-01
8.832802589188682996e-01 3.243450210052739591e-01
8.904231160617254170e-01 3.119732295226391172e-01
8.975659732045825345e-01 2.996014380400042754e-01
9.047088303474396520e-01 2.872296465573694335e-01
9.118516874902967695e-01 2.748578550747345917e-01
8.960912999234932341e-01 3.180034749718638754e-01
9.032341570663503516e-01 3.303752664544987172e-01
9.103770142092074691e-01 3.427470579371335591e-01
9.175198713520645866e-01 3.551188494197684009e-01
9.246627284949217040e-01 3.674906409024032428e-01
2.721322493846353163e-01 6.476901205413623241e-01
2.792751065274924338e-01 6.600619120239971105e-01
2.864179636703495513e-01 6.724337035066318968e-01
2.935608208132066688e-01 6.848054949892666832e-01
3.007036779560637862e-01 6.971772864719014695e-01
8.180147659224931145e-01 8.607305832563434400e-01
8.251576230653502320e-01 8.483587917737086537e-01
8.323004802082073494e-01 8.359870002910738673e-01
8.394433373510644669e-01 8.236152088084390810e-01
8.465861944939215844e-01 8.112434173258042946e-01
1.646558531429417327e-01 5.340894193754419650e-01
1.789415674286560232e-01 5.340894193754419650e-01
1.932272817143703136e-01 5.340894193754419650e-01
2.075129960000846041e-01 5.340894193754419650e-01
2.217987102857988946e-01 5.340894193754419650e-01
2.221078104707302492e-01 1.198653673336828041e-01
2.292506676135873944e-01 1.074935758510479622e-01
2.363935247564445397e-01 9.512178436841312035e-02
2.435363818993016849e-01 8.274999288577827850e-02
2.506792390421588301e-01 7.037820140314343664e-02
1.682910421729305606e-01 2.187642195730702399e-01
1.754338993157877058e-01 2.311360110557050818e-01
1.825767564586448510e-01 2.435078025383399236e-01
1.897196136015019963e-01 2.558795940209747655e-01
1.968624707443591415e-01 2.682513855036096073e-01
4.038361710580408159e-01 6.489224710898156001e-02
4.181218853437551064e-01 6.489224710898156001e-02
4.324075996294693969e-01 6.489224710898156001e-02
4.466933139151836873e-01 6.489224710898156001e-02
4.609790282008979778e-01 6.489224710898156001e-02
9.624472949421112311e-01 2.517822958253641552e-01
9.767330092278254661e-01 2.517822958253641552e-01
9.910187235135397010e-01 2.517822958253641552e-01
7.122705899244420324e-01 1.480869299533998928e-01
7.194134470672991499e-01 1.604587214360347347e-01
7.265563042101562674e-01 1.728305129186695765e-01
7.336991613530133849e-01 1.852023044013044184e-01
7.408420184958705024e-01 1.975740958839392603e-01
2.667810142752850000e-01 9.766149558326528979e-01
2.810667285609992905e-01 9.766149558326528979e-01
2.953524428467135809e-01 9.766149558326528979e-01
3.096381571324278714e-01 9.766149558326528979e-01
3.239238714181421619e-01 9.766149558326528979e-01
3.305073290054838520e-02 3.450712480266829862e-01
4.019359004340553043e-02 3.574430395093178281e-01
4.733644718626267567e-02 3.698148309919526699e-01
5.447930432911982090e-02 3.821866224745875118e-01
6.162216147197696614e-02 3.945584139572223537e-01
2.395618906669724213e-01 1.448948720912230925e-01
2.538476049526867118e-01 1.448948720912230925e-01
2.681333192384010022e-01 1.448948720912230925e-01
2.824190335241152927e-01 1.448948720912230925e-01
2.967047478098295832e-01 1.448948720912230925e-01
9.856504541106007045e-01 2.420552715115004139e-01
9.927933112534578219e-01 2.296834800288655720e-01
9.999361683963149394e-01 2.173116885462307302e-01
7.616196153287175807e-01 2.376375439923996691e-01
7.687624724715746982e-01 2.252657525097648272e-01
7.759053296144318157e-01 2.128939610271299854e-01
7.830481867572889332e-01 2.005221695444951435e-01
7.901910439001460507e-01 1.881503780618603017e-01
8.031397563798958750e-01 4.703006344460384236e-01
8.174254706656101099e-01 4.703006344460384236e-01
8.317111849513243449e-01 4.703006344460384236e-01
8.459968992370385799e-01 4.703006344460384236e-01
8.602826135227528148e-01 4.703006344460384236e-01
6.335297107608947043e-01 5.357746840747584782e-01
6.406725679037518217e-01 5.481464755573932646e-01
6.478154250466089392e-01 5.605182670400280509e-01
6.549582821894660567e-01 5.728900585226628372e-01
6.621011393323231742e-01 5.852618500052976236e-01
8.583588048137198445e-01 3.259589052018847521e-01
8.655016619565769620e-01 3.135871137192499103e-01
8.726445190994340795e-01 3.012153222366150684e-01
8.797873762422911970e-01 2.888435307539802266e-01
8.869302333851483144e-01 2.764717392713453847e-01
7.111495324380178173e-01 8.095010461397154078e-01
7.182923895808749348e-01 7.971292546570806214e-01
7.254352467237320523e-01 7.847574631744458351e-01
7.325781038665891698e-01 7.723856716918110488e-01
7.397209610094462873e-01 7.600138802091762624e-01
1.743664290049914412e-01 6.909377381024659481e-01
1.815092861478485864e-01 6.785659466198311618e-01
1.886521432907057316e-01 6.661941551371963754e-01
1.957950004335628769e-01 6.538223636545615891e-01
2.029378575764200221e-01 6.414505721719268028e-01
9.367299887367345201e-01 1.375209441459932513e-01
9.438728458795916376e-01 1.498927356286280932e-01
9.510157030224487551e-01 1.622645271112629350e-01
9.581585601653058726e-01 1.746363185938977769e-01
9.653014173081629901e-01 1.870081100765326187e-01
1.134735212405890703e-01 9.246936182785627789e-01
1.277592355263033608e-01 9.246936182785627789e-01
1.420449498120176512e-01 9.246936182785627789e-01
1.563306640977319417e-01 9.246936182785627789e-01
1.706163783834462322e-01 9.246936182785627789e-01
6.957843993450821829e-01 2.285500217972996628e-01
7.100701136307964179e-01 2.285500217972996628e-01
7.243558279165106528e-01 2.285500217972996628e-01
7.386415422022248878e-01 2.285500217972996628e-01
7.529272564879391227e-01 2.285500217972996628e-01
9.821683433294355892e-01 5.166358912710142803e-01
9.893112004722927066e-01 5.290076827536490667e-01
9.964540576151498241e-01 5.413794742362838530e-01
2.418522909004516830e-01 9.310276780589921142e-02
2.489951480433088282e-01 1.054745592885340533e-01
2.561380051861659735e-01 1.178463507711688951e-01
2.632808623290230909e-01 1.302181422538037370e-01
2.704237194718802084e-01 1.425899337364385788e-01
9.004180571633304542e-01 6.331014572732679424e-01
9.075609143061875717e-01 6.454732487559027287e-01
9.147037714490446891e-01 6.578450402385375151e-01
9.218466285919018066e-01 6.702168317211723014e-01
9.289894857347589241e-01 6.825886232038070878e-01
8.563242918780924473e-01 4.045081271221900865e-01
8.634671490209495648e-01 4.168799186048249283e-01
8.706100061638066823e-01 4.292517100874597702e-01
8.777528633066637997e-01 4.416235015700946120e-01
8.848957204495209172e-01 4.539952930527294539e-01
6.420316461542877606e-01 8.413996499504883264e-02
6.563173604400019956e-01 8.413996499504883264e-02
6.706030747257162306e-01 8.413996499504883264e-02
6.848887890114304655e-01 8.413996499504883264e-02
6.991745032971447005e-01 8.413996499504883264e-02
9.401334424577784121e-01 9.736638367553173135e-01
9.544191567434926471e-01 9.736638367553173135e-01
9.687048710292068820e-01 9.736638367553173135e-01
9.829905853149211170e-01 9.736638367553173135e-01
9.972762996006353520e-01 9.736638367553173135e-01
1.608080514174986542e-01 5.487337893665861221e-01
1.750937657032129446e-01 5.487337893665861221e-01
1.893794799889272351e-01 5.487337893665861221e-01
2.036651942746415256e-01 5.487337893665861221e-01
2.179509085603558161e-01 5.487337893665861221e-01
4.484241429862473316e-01 9.944574626108206861e-01
7.209399242521292717e-01 3.080607918523892153e-01
7.280827813949863891e-01 2.956890003697543734e-01
7.352256385378435066e-01 2.833172088871195315e-01
7.423684956807006241e-01 2.709454174044846897e-01
7.495113528235577416e-01 2.585736259218498478e-01
3.677158030594335214e-01 2.652023676817254483e-01
3.820015173451478119e-01 2.652023676817254483e-01
3.962872316308621023e-01 2.652023676817254483e-01
4.105729459165763928e-01 2.652023676817254483e-01
4.248586602022906833e-01 2.652023676817254483e-01
8.920465551771132873e-01 6.311386259972628920e-01
9.063322694628275222e-01 6.311386259972628920e-01
9.206179837485417572e-01 6.311386259972628920e-01
9.349036980342559922e-01 6.311386259972628920e-01
9.491894123199702271e-01 6.311386259972628920e-01
3.500784076946756862e-01 6.451033620305648419e-01
3.572212648375328037e-01 6.327315705479300556e-01
3.643641219803899212e-01 6.203597790652952693e-01
3.715069791232470386e-01 6.079879875826604829e-01
3.786498362661041561e-01 5.956161961000256966e-01
4.925176938188638998e-01 1.952429877980444983e-01
4.996605509617210172e-01 2.076147792806793402e-01
5.068034081045781347e-01 2.199865707633141820e-01
5.139462652474352522e-01 2.323583622459490239e-01
5.210891223902923697e-01 2.447301537285838657e-01
4.991933798847523196e-01 5.720041992091831062e-01
5.063362370276094371e-01 5.843759906918178926e-01
5.134790941704665546e-01 5.967477821744526789e-01
5.206219513133236720e-01 6.091195736570874653e-01
5.277648084561807895e-01 6.214913651397222516e-01
4.360377175443375108e-02 9.945505107973410253e-01
5.788948604014803462e-02 9.945505107973410253e-01
7.217520032586231815e-02 9.945505107973410253e-01
8.646091461157660862e-02 9.945505107973410253e-01
1.007466288972908991e-01 9.945505107973410253e-01
9.539285770025873745e-01 9.148643902204485201e-01
9.610714341454444920e-01 9.024925987378137338e-01
9.682142912883016095e-01 8.901208072551789474e-01
9.753571484311587270e-01 8.777490157725441611e-01
9.825000055740158444e-01 8.653772242899093747e-01
7.477187738974139242e-01 9.530718470239532003e-01
7.548616310402710416e-01 9.654436385065879866e-01
7.620044881831281591e-01 9.778154299892227730e-01
7.691473453259852766e-01 9.901872214718575593e-01
4.281841483173143281e-01 9.666548190436695664e-01
4.353270054601714456e-01 9.542830275610347801e-01
4.424698626030285631e-01 9.419112360783999938e-01
4.496127197458856806e-01 9.295394445957652074e-01
4.567555768887427980e-01 9.171676531131304211e-01
9.803315837160456736e-01 7.534625600612820939e-02
9.874744408589027911e-01 8.771804748876305124e-02
9.946172980017599086e-01 1.000898389713978931e-01
3.850977286019252599e-01 8.511366715168569019e-01
3.922405857447823774e-01 8.387648800342221156e-01
3.993834428876394949e-01 8.263930885515873292e-01
4.065263000304966123e-01 8.140212970689525429e-01
4.136691571733537298e-01 8.016495055863177566e-01
8.442131407263113729e-01 9.300168348108318606e-01
8.584988550120256079e-01 9.300168348108318606e-01
8.727845692977398429e-01 9.300168348108318606e-01
8.870702835834540778e-01 9.300168348108318606e-01
9.013559978691683128e-01 9.300168348108318606e-01
9.717649377076853501e-02 6.150072266991697401e-01
1.114622080564828255e-01 6.150072266991697401e-01
1.257479223421971160e-01 6.150072266991697401e-01
1.400336366279114064e-01 6.150072266991697401e-01
1.543193509136256969e-01 6.150072266991697401e-01
3.586467812961638968e-01 2.541636490697387618e-01
3.729324955818781873e-01 2.541636490697387618e-01
3.872182098675924777e-01 2.541636490697387618e-01
4.015039241533067682e-01 2.541636490697387618e-01
4.157896384390210587e-01 2.541636490697387618e-01
8.773730719279554391e-01 7.407686177542044392e-01
8.845159290708125566e-01 7.531404092368392256e-01
8.916587862136696740e-01 7.655122007194740119e-01
8.988016433565267915e-01 7.778839922021087983e-01
9.059445004993839090e-01 7.902557836847435846e-01
1.366213314420288150e-01 7.089109969101186071e-01
1.437641885848859602e-01 6.965392054274838207e-01
1.509070457277431054e-01 6.841674139448490344e-01
1.580499028706002507e-01 6.717956224622142480e-01
1.651927600134573959e-01 6.594238309795794617e-01
2.935918442644933624e-01 8.093611554785136164e-01
3.007347014073504798e-01 7.969893639958788301e-01
3.078775585502075973e-01 7.846175725132440437e-01
3.150204156930647148e-01 7.722457810306092574e-01
3.221632728359218323e-01 7.598739895479744710e-01
2.562069435944580587e-01 6.115137108656805154e-01
2.704926578801723491e-01 6.115137108656805154e-01
2.847783721658866396e-01 6.115137108656805154e-01
2.990640864516009301e-01 6.115137108656805154e-01
3.133498007373152205e-01 6.115137108656805154e-01
5.184862773986775863e-03 6.278944149486360704e-01
1.232771991684392110e-02 6.402662064312708567e-01
1.947057705970106634e-02 6.526379979139056431e-01
2.661343420255821157e-02 6.650097893965404294e-01
3.375629134541535681e-02 6.773815808791752158e-01
7.094091699992766120e-02 3.967838272138883848e-01
8.522663128564195167e-02 3.967838272138883848e-01
9.951234557135624215e-02 3.967838272138883848e-01
1.137980598570705326e-01 3.967838272138883848e-01
1.280837741427848231e-01 3.967838272138883848e-01
9.398193984086899988e-02 5.782801409961739747e-01
1.082676541265832904e-01 5.782801409961739747e-01
1.225533684122975808e-01 5.782801409961739747e-01
1.368390826980118713e-01 5.782801409961739747e-01
1.511247969837261618e-01 5.782801409961739747e-01
3.281526674747319294e-01 1.550416167277441915e-01
3.424383817604462199e-01 1.550416167277441915e-01
3.567240960461605104e-01 1.550416167277441915e-01
3.710098103318748008e-01 1.550416167277441915e-01
3.852955246175890913e-01 1.550416167277441915e-01
2.865412521282844072e-01 5.908332605690107542e-01
3.008269664139986976e-01 5.908332605690107542e-01
3.151126806997129881e-01 5.908332605690107542e-01
3.293983949854272786e-01 5.908332605690107542e-01
3.436841092711415691e-01 5.908332605690107542e-01
2.502513605158640519e-01 3.883473442942320109e-02
2.573942176587211694e-01 2.646294294678836617e-02
2.645370748015782869e-01 1.409115146415352952e-02
2.716799319444354044e-01 1.719359981518692876e-03
8.278690037875886532e-01 2.715429158197418813e-01
8.350118609304457706e-01 2.839147073023767232e-01
8.421547180733028881e-01 2.962864987850115650e-01
8.492975752161600056e-01 3.086582902676464069e-01
8.564404323590171231e-01 3.210300817502812487e-01
4.572651616137285435e-01 8.420230750119813701e-01
4.715508758994428340e-01 8.420230750119813701e-01
4.858365901851571245e-01 8.420230750119813701e-01
5.001223044708713594e-01 8.420230750119813701e-01
5.144080187565855944e-01 8.420230750119813701e-01
5.406351216101065171e-01 6.374299014982065525e-01
5.477779787529636346e-01 6.498016929808413389e-01
5.549208358958207521e-01 6.621734844634761252e-01
5.620636930386778696e-01 6.745452759461109116e-01
5.692065501815349871e-01 6.869170674287456979e-01
9.695368671141589845e-01 7.145951041799520898e-01
9.766797242570161020e-01 7.022233126973173034e-01
9.838225813998732194e-01 6.898515212146825171e-01
9.909654385427303369e-01 6.774797297320477307e-01
9.981082956855874544e-01 6.651079382494129444e-01
7.951861947687036691e-01 2.708322512620742195e-01
8.094719090544179041e-01 2.708322512620742195e-01
8.237576233401321391e-01 2.708322512620742195e-01
8.380433376258463740e-01 2.708322512620742195e-01
8.523290519115606090e-01 2.708322512620742195e-01
7.845638134226595728e-02 2.535074341545751064e-02
8.559923848512310252e-02 3.772253489809234556e-02
9.274209562798024775e-02 5.009432638072718047e-02
9.988495277083739299e-02 6.246611786336201538e-02
1.070278099136945382e-01 7.483790934599685030e-02
8.087296661719767243e-02 4.283144749401077700e-01
8.801582376005481767e-02 4.406862664227426118e-01
9.515868090291196291e-02 4.530580579053774537e-01
1.023015380457691081e-01 4.654298493880122956e-01
1.094443951886262534e-01 4.778016408706471374e-01
5.819359550844360740e-02 9.152137276264804555e-01
6.533645265130075264e-02 9.028419361438456692e-01
7.247930979415789787e-02 8.904701446612108828e-01
7.962216693701504311e-02 8.780983531785760965e-01
8.676502407987218835e-02 8.657265616959413101e-01
2.502428981645953288e-01 5.492266647061204710e-01
2.573857553074524462e-01 5.615984561887552573e-01
2.645286124503095637e-01 5.739702476713900436e-01
2.716714695931666812e-01 5.863420391540248300e-01
2.788143267360237987e-01 5.987138306366596163e-01
7.378969166957685122e-01 5.543540525114006856e-01
7.521826309814827471e-01 5.543540525114006856e-01
7.664683452671969821e-01 5.543540525114006856e-01
7.807540595529112171e-01 5.543540525114006856e-01
7.950397738386254520e-01 5.543540525114006856e-01
3.559726786512615870e-01 7.578461104643691160e-01
3.631155357941187045e-01 7.702179019470039023e-01
3.702583929369758220e-01 7.825896934296386886e-01
3.774012500798329395e-01 7.949614849122734750e-01
3.845441072226900570e-01 8.073332763949082613e-01
3.418796667164015757e-01 9.179906581344188243e-02
3.490225238592586932e-01 7.942727433080704058e-02
3.561653810021158106e-01 6.705548284817219873e-02
3.633082381449729281e-01 5.468369136553736382e-02
3.704510952878300456e-01 4.231189988290252890e-02
4.734717707805656817e-01 1.732018699100151826e-01
4.877574850662799721e-01 1.732018699100151826e-01
5.020431993519942626e-01 1.732018699100151826e-01
5.163289136377084976e-01 1.732018699100151826e-01
5.306146279234227325e-01 1.732018699100151826e-01
6.497736826427633616e-01 4.805892419703372553e-02
6.640593969284775966e-01 4.805892419703372553e-02
6.783451112141918316e-01 4.805892419703372553e-02
6.926308254999060665e-01 4.805892419703372553e-02
7.069165397856203015e-01 4.805892419703372553e-02
6.350936508676437997e-01 4.530400977204451785e-02
6.422365080105009172e-01 3.293221828940968293e-02
6.493793651533580347e-01 2.056042680677484802e-02
6.565222222962151521e-01 8.188635324140011371e-03
1.530454029038474939e-02 9.334363080794829681e-01
2.244739743324189463e-02 9.458080995621177545e-01
2.959025457609903986e-02 9.581798910447525408e-01
3.673311171895618510e-02 9.705516825273873271e-01
4.387596886181333034e-02 9.829234740100221135e-01
8.009492946823997261e-01 6.771683423829817361e-01
8.080921518252568436e-01 6.647965509003469498e-01
8.152350089681139611e-01 6.524247594177121634e-01
8.223778661109710786e-01 6.400529679350773771e-01
8.295207232538281961e-01 6.276811764524425907e-01
6.432882184423531768e-01 4.582528904915166290e-01
6.504310755852102943e-01 4.458810990088817872e-01
6.575739327280674118e-01 4.335093075262469453e-01
6.647167898709245293e-01 4.211375160436121035e-01
6.718596470137816468e-01 4.087657245609772616e-01
9.611905638239142124e-01 9.053506419560637397e-01
9.683334209667713299e-01 9.177224334386985261e-01
9.754762781096284474e-01 9.300942249213333124e-01
9.826191352524855649e-01 9.424660164039680987e-01
9.897619923953426824e-01 9.548378078866028851e-01
6.936130087516545473e-02 1.007780013774266514e-01
8.364701516087974520e-02 1.007780013774266514e-01
9.793272944659403567e-02 1.007780013774266514e-01
1.122184437323083261e-01 1.007780013774266514e-01
1.265041580180226166e-01 1.007780013774266514e-01
3.896313231023362800e-02 6.182538843378928561e-01
4.610598945309077323e-02 6.058820928552580698e-01
5.324884659594791847e-02 5.935103013726232835e-01
6.039170373880506371e-02 5.811385098899884971e-01
6.753456088166220894e-02 5.687667184073537108e-01
7.118864846022898707e-02 3.189756302937613031e-01
8.547436274594327754e-02 3.189756302937613031e-01
9.976007703165756801e-02 3.189756302937613031e-01
1.140457913173718585e-01 3.189756302937613031e-01
1.283315056030861490e-01 3.189756302937613031e-01
3.483366044531973627e-01 9.366481518557072672e-01
3.554794615960544801e-01 9.490199433383420535e-01
3.626223187389115976e-01 9.613917348209768399e-01
3.697651758817687151e-01 9.737635263036116262e-01
3.769080330246258326e-01 9.861353177862464126e-01
4.234709423081185475e-01 5.685202837499583328e-01
4.306137994509756650e-01 5.561484922673235465e-01
4.377566565938327825e-01 5.437767007846887601e-01
4.448995137366899000e-01 5.314049093020539738e-01
4.520423708795470175e-01 5.190331178194191875e-01
9.905051420006732998e-01 4.126176769114264786e-01
6.798447799002458325e-01 7.399087604473745250e-01
6.869876370431029500e-01 7.275369689647397387e-01
6.941304941859600675e-01 7.151651774821049523e-01
7.012733513288171849e-01 7.027933859994701660e-01
7.084162084716743024e-01 6.904215945168353796e-01
1.031238688359326083e-01 9.025529066795666688e-01
1.174095831216468988e-01 9.025529066795666688e-01
1.316952974073611893e-01 9.025529066795666688e-01
1.459810116930754798e-01 9.025529066795666688e-01
1.602667259787897702e-01 9.025529066795666688e-01
4.965611906830776912e-01 3.896180862192034633e-01
5.037040478259348086e-01 4.019898777018383051e-01
5.108469049687919261e-01 4.143616691844731470e-01
5.179897621116490436e-01 4.267334606671079889e-01
5.251326192545061611e-01 4.391052521497428307e-01
8.955232284962004741e-01 3.892016787341631145e-01
9.026660856390575915e-01 4.015734702167979564e-01
9.098089427819147090e-01 4.139452616994327983e-01
9.169517999247718265e-01 4.263170531820676401e-01
9.240946570676289440e-01 4.386888446647024820e-01
9.053819764192636566e-01 9.128667678613355818e-02
9.125248335621207740e-01 7.891488530349871633e-02
9.196676907049778915e-01 6.654309382086387448e-02
9.268105478478350090e-01 5.417130233822903956e-02
9.339534049906921265e-01 4.179951085559420465e-02
9.568008851264563353e-01 6.767699044243032924e-01
9.639437422693134527e-01 6.643981129416685061e-01
9.710865994121705702e-01 6.520263214590337197e-01
9.782294565550276877e-01 6.396545299763989334e-01
9.853723136978848052e-01 6.272827384937641471e-01
2.932107716980645318e-01 3.286645453699159614e-01
3.003536288409216493e-01 3.162927538872811195e-01
3.074964859837787667e-01 3.039209624046462777e-01
3.146393431266358842e-01 2.915491709220114358e-01
3.217822002694930017e-01 2.791773794393765940e-01
2.127278950242289524e-01 9.461945428816902481e-01
2.198707521670860976e-01 9.585663343643250345e-01
2.270136093099432428e-01 9.709381258469598208e-01
2.341564664528003881e-01 9.833099173295946072e-01
2.412993235956575333e-01 9.956817088122293935e-01
1.134646020174480130e-01 9.309291056872925907e-01
1.277503163031623035e-01 9.309291056872925907e-01
1.420360305888765939e-01 9.309291056872925907e-01
1.563217448745908844e-01 9.309291056872925907e-01
1.706074591603051749e-01 9.309291056872925907e-01
5.755876001664428365e-02 5.495288823237355347e-01
6.470161715950142889e-02 5.619006738063703210e-01
7.184447430235857412e-02 5.742724652890051074e-01
7.898733144521571936e-02 5.866442567716398937e-01
8.613018858807286460e-02 5.990160482542746800e-01
7.370355567910088501e-01 5.459157701649889338e-01
7.441784139338659676e-01 5.335439786823541475e-01
7.513212710767230851e-01 5.211721871997193611e-01
7.584641282195802026e-01 5.088003957170845748e-01
7.656069853624373200e-01 4.964286042344497329e-01
1.170670164276058633e-01 1.429916820528358556e-01
1.313527307133201538e-01 1.429916820528358556e-01
1.456384449990344443e-01 1.429916820528358556e-01
1.599241592847487348e-01 1.429916820528358556e-01
1.742098735704630252e-01 1.429916820528358556e-01
8.369638742373738394e-01 8.668687053108413698e-01
8.512495885230880743e-01 8.668687053108413698e-01
8.655353028088023093e-01 8.668687053108413698e-01
8.798210170945165443e-01 8.668687053108413698e-01
8.941067313802307792e-01 8.668687053108413698e-01
5.813054172267823061e-01 8.631385219890038707e-01
5.955911315124965411e-01 8.631385219890038707e-01
6.098768457982107760e-01 8.631385219890038707e-01
6.241625600839250110e-01 8.631385219890038707e-01
6.384482743696392459e-01 8.631385219890038707e-01
8.127995672575025754e-01 9.472485773838587031e-01
8.199424244003596929e-01 9.596203688664934894e-01
8.270852815432168104e-01 9.719921603491282758e-01
8.342281386860739278e-01 9.843639518317630621e-01
8.413709958289310453e-01 9.967357433143978485e-01
5.918887388212843437e-01 3.502182467003135402e-01
5.990315959641414612e-01 3.378464552176786984e-01
6.061744531069985786e-01 3.254746637350438565e-01
6.133173102498556961e-01 3.131028722524090147e-01
6.204601673927128136e-01 3.007310807697741728e-01
4.816669879641153340e-01 3.779875901222544687e-01
4.888098451069724515e-01 3.656157986396196269e-01
4.959527022498295690e-01 3.532440071569847850e-01
5.030955593926866865e-01 3.408722156743499432e-01
5.102384165355438039e-01 3.285004241917151013e-01
4.242220092469762838e-01 9.063543850947359815e-01
4.313648663898334013e-01 8.939825936121011951e-01
4.385077235326905187e-01 8.816108021294664088e-01
4.456505806755476362e-01 8.692390106468316224e-01
4.527934378184047537e-01 8.568672191641968361e-01
4.686606419941262702e-01 5.630327568183735032e-02
4.758034991369833877e-01 6.867506716447219217e-02
4.829463562798405052e-01 8.104685864710703402e-02
4.900892134226976227e-01 9.341865012974187588e-02
4.972320705655547401e-01 1.057904416123767177e-01
8.227903518766931379e-01 7.442116569432979389e-01
8.299332090195502554e-01 7.318398654606631526e-01
8.370760661624073729e-01 7.194680739780283663e-01
8.442189233052644903e-01 7.070962824953935799e-01
8.513617804481216078e-01 6.947244910127587936e-01
5.833687650971596250e-01 9.621725484745419221e-01
5.905116222400167425e-01 9.498007569919071358e-01
5.976544793828738600e-01 9.374289655092723494e-01
6.047973365257309775e-01 9.250571740266375631e-01
6.119401936685880949e-01 9.126853825440027768e-01
2.235958385194526388e-01 9.632225394406113139e-01
2.307386956623097840e-01 9.755943309232461003e-01
2.378815528051669292e-01 9.879661224058808866e-01
9.698788267076390301e-01 4.315991195057611307e-02
9.770216838504961476e-01 5.553170343321094798e-02
9.841645409933532651e-01 6.790349491584578290e-02
9.913073981362103826e-01 8.027528639848062475e-02
9.984502552790675001e-01 9.264707788111546660e-02
4.340078329817276259e-02 9.246433302235960161e-01
5.054364044102990783e-02 9.370151217062308024e-01
5.768649758388705306e-02 9.493869131888655888e-01
6.482935472674419830e-02 9.617587046715003751e-01
7.197221186960134354e-02 9.741304961541351615e-01
2.529901679892411215e-01 6.954111231066475440e-01
2.601330251320982390e-01 7.077829145892823304e-01
2.672758822749553564e-01 7.201547060719171167e-01
2.744187394178124739e-01 7.325264975545519031e-01
2.815615965606695914e-01 7.448982890371866894e-01
5.230978441701488180e-01 6.293986381352625337e-01
5.373835584558630529e-01 6.293986381352625337e-01
5.516692727415772879e-01 6.293986381352625337e-01
5.659549870272915228e-01 6.293986381352625337e-01
5.802407013130057578e-01 6.293986381352625337e-01
2.944939468394298654e-01 9.958313750293706912e-01
3.087796611251441559e-01 9.958313750293706912e-01
3.230653754108584463e-01 9.958313750293706912e-01
3.373510896965727368e-01 9.958313750293706912e-01
3.516368039822870273e-01 9.958313750293706912e-01
9.152543416691063527e-01 9.587024074078461799e-01
9.295400559548205877e-01 9.587024074078461799e-01
9.438257702405348226e-01 9.587024074078461799e-01
9.581114845262490576e-01 9.587024074078461799e-01
9.723971988119632925e-01 9.587024074078461799e-01
4.556567527857129374e-01 6.201325978015367335e-01
4.699424670714272279e-01 6.201325978015367335e-01
4.842281813571415183e-01 6.201325978015367335e-01
4.985138956428558088e-01 6.201325978015367335e-01
5.127996099285700993e-01 6.201325978015367335e-01
1.881211597237613109e-01 4.636984049399821561e-01
2.024068740094756014e-01 4.636984049399821561e-01
2.166925882951898918e-01 4.636984049399821561e-01
2.309783025809041823e-01 4.636984049399821561e-01
2.452640168666184728e-01 4.636984049399821561e-01
2.293947457049496652e-01 2.659379249642389587e-01
2.365376028478068104e-01 2.783097164468738005e-01
2.436804599906639557e-01 2.906815079295086424e-01
2.508233171335210732e-01 3.030532994121434842e-01
2.579661742763781906e-01 3.154250908947783261e-01
9.743948076661664848e-01 9.862107444796028854e-01
9.886805219518807197e-01 9.862107444796028854e-01
3.231595110965046480e-02 2.797635071689457131e-01
3.945880825250761004e-02 2.921352986515805550e-01
4.660166539536475527e-02 3.045070901342153968e-01
5.374452253822190051e-02 3.168788816168502387e-01
6.088737968107904575e-02 3.292506730994850805e-01
9.497999132919240362e-01 7.257195083883599684e-01
9.569427704347811536e-01 7.133477169057251821e-01
9.640856275776382711e-01 7.009759254230903958e-01
9.712284847204953886e-01 6.886041339404556094e-01
9.783713418633525061e-01 6.762323424578208231e-01
8.660638895004083571e-01 4.521867010618940697e-02
8.732067466432654745e-01 3.284687862355457205e-02
8.803496037861225920e-01 2.047508714091973714e-02
8.874924609289797095e-01 8.103295658284900491e-03
9.872761293149444617e-01 1.504168911035281830e-01
9.944189864578015792e-01 1.627886825861630249e-01
7.495782999760720600e-01 3.929894489788591239e-01
7.567211571189291774e-01 3.806176574962242820e-01
7.638640142617862949e-01 3.682458660135894402e-01
7.710068714046434124e-01 3.558740745309545983e-01
7.781497285475005299e-01 3.435022830483197565e-01
8.421189231357086857e-01 8.383287047111378509e-01
8.564046374214229207e-01 8.383287047111378509e-01
8.706903517071371557e-01 8.383287047111378509e-01
8.849760659928513906e-01 8.383287047111378509e-01
8.992617802785656256e-01 8.383287047111378509e-01
3.682186763599137880e-02 1.338521188006331908e-01
4.396472477884852403e-02 1.462239102832680326e-01
5.110758192170566927e-02 1.585957017659028745e-01
5.825043906456281451e-02 1.709674932485377163e-01
6.539329620741995974e-02 1.833392847311725582e-01
5.343462750294630803e-01 7.499107494699718268e-01
5.414891321723201978e-01 7.375389579873370405e-01
5.486319893151773153e-01 7.251671665047022541e-01
5.557748464580344328e-01 7.127953750220674678e-01
5.629177036008915502e-01 7.004235835394326815e-01
5.554317056026274457e-01 7.689874151805105029e-01
5.625745627454845632e-01 7.813592066631452893e-01
5.697174198883416807e-01 7.937309981457800756e-01
5.768602770311987982e-01 8.061027896284148619e-01
5.840031341740559157e-01 8.184745811110496483e-01
4.505441353100935187e-01 1.291594151514949829e-01
4.576869924529506362e-01 1.167876236688601410e-01
4.648298495958077536e-01 1.044158321862252992e-01
4.719727067386648711e-01 9.204404070359045731e-02
4.791155638815219886e-01 7.967224922095561546e-02
2.747317970259087749e-01 2.072276490080564582e-01
2.818746541687658924e-01 2.195994404906913000e-01
2.890175113116230099e-01 2.319712319733261419e-01
2.961603684544801274e-01 2.443430234559609837e-01
3.033032255973372449e-01 2.567148149385958256e-01
6.717006844058567294e-01 6.181282404578958278e-01
6.788435415487138469e-01 6.057564489752610415e-01
6.859863986915709644e-01 5.933846574926262551e-01
6.931292558344280819e-01 5.810128660099914688e-01
7.002721129772851993e-01 5.686410745273566825e-01
4.762106967890141762e-01 8.313714900625012172e-01
4.904964110747284667e-01 8.313714900625012172e-01
5.047821253604427572e-01 8.313714900625012172e-01
5.190678396461569921e-01 8.313714900625012172e-01
5.333535539318712271e-01 8.313714900625012172e-01
8.521815003185401194e-01 5.519068387744855420e-01
8.593243574613972369e-01 5.642786302571203283e-01
8.664672146042543543e-01 5.766504217397551146e-01
8.736100717471114718e-01 5.890222132223899010e-01
8.807529288899685893e-01 6.013940047050246873e-01
8.840822336564657657e-02 7.918178394696329114e-01
9.555108050850372181e-02 8.041896309522676978e-01
1.026939376513608670e-01 8.165614224349024841e-01
1.098367947942180123e-01 8.289332139175372705e-01
1.169796519370751575e-01 8.413050054001720568e-01
1.340152284506407332e-01 2.878267631333897292e-02
1.411580855934978784e-01 1.641088483070413800e-02
1.483009427363550237e-01 4.039093348069301356e-03
3.505875588065969772e-01 5.899176868546330832e-01
3.648732730923112677e-01 5.899176868546330832e-01
3.791589873780255582e-01 5.899176868546330832e-01
3.934447016637398487e-01 5.899176868546330832e-01
4.077304159494541391e-01 5.899176868546330832e-01
5.548156085422256689e-01 9.100209105133028054e-02
5.691013228279399039e-01 9.100209105133028054e-02
5.833870371136541388e-01 9.100209105133028054e-02
5.976727513993683738e-01 9.100209105133028054e-02
6.119584656850826088e-01 9.100209105133028054e-02
3.965427823212701597e-01 6.220867002278734903e-01
4.036856394641272772e-01 6.097149087452387040e-01
4.108284966069843946e-01 5.973431172626039176e-01
4.179713537498415121e-01 5.849713257799691313e-01
4.251142108926986296e-01 5.725995342973343449e-01
9.265876251614943993e-01 4.921162930795381918e-01
9.337304823043515167e-01 5.044880845621729781e-01
9.408733394472086342e-01 5.168598760448077645e-01
9.480161965900657517e-01 5.292316675274425508e-01
9.551590537329228692e-01 5.416034590100773372e-01
9.800325752854770478e-01 4.926180939928695990e-01
9.871754324283341653e-01 5.049898854755043853e-01
9.943182895711912828e-01 5.173616769581391717e-01
5.847661059491536806e-01 4.003004889102813602e-01
5.919089630920107981e-01 4.126722803929162020e-01
5.990518202348679155e-01 4.250440718755510439e-01
6.061946773777250330e-01 4.374158633581858857e-01
6.133375345205821505e-01 4.497876548408207276e-01
8.967884099060118297e-01 4.739616402628723524e-01
9.039312670488689472e-01 4.863334317455071942e-01
9.110741241917260647e-01 4.987052232281420361e-01
9.182169813345831821e-01 5.110770147107768224e-01
9.253598384774402996e-01 5.234488061934116088e-01
9.731103492701043134e-01 6.019353955409602053e-01
9.802532064129614309e-01 5.895636040583254189e-01
9.873960635558185484e-01 5.771918125756906326e-01
9.945389206986756658e-01 5.648200210930558463e-01
1.770104842767468156e-01 8.870253375705561272e-02
1.841533414196039609e-01 1.010743252396904546e-01
1.912961985624611061e-01 1.134461167223252964e-01
1.984390557053182513e-01 1.258179082049601383e-01
2.055819128481753966e-01 1.381896996875949801e-01
5.344235037325230087e-01 3.559914842719861250e-01
5.487092180182372436e-01 3.559914842719861250e-01
5.629949323039514786e-01 3.559914842719861250e-01
5.772806465896657135e-01 3.559914842719861250e-01
5.915663608753799485e-01 3.559914842719861250e-01
3.215827646800289985e-01 9.229058622874608542e-02
3.287256218228861160e-01 7.991879474611124357e-02
3.358684789657432335e-01 6.754700326347640171e-02
3.430113361086003509e-01 5.517521178084156680e-02
3.501541932514574684e-01 4.280342029820673189e-02
6.279003894909077621e-01 8.175903194887190750e-02
6.421861037766219971e-01 8.175903194887190750e-02
6.564718180623362320e-01 8.175903194887190750e-02
6.707575323480504670e-01 8.175903194887190750e-02
6.850432466337647019e-01 8.175903194887190750e-02
1.569776827161937227e-01 3.772859652420725851e-01
1.641205398590508679e-01 3.896577567247074270e-01
1.712633970019080132e-01 4.020295482073422688e-01
1.784062541447651584e-01 4.144013396899771107e-01
1.855491112876223037e-01 4.267731311726119525e-01
2.768776481472037254e-01 8.062012797930613317e-01
2.840205052900608429e-01 8.185730712756961180e-01
2.911633624329179604e-01 8.309448627583309044e-01
2.983062195757750779e-01 8.433166542409656907e-01
3.054490767186321953e-01 8.556884457236004771e-01
3.704721027913819853e-01 4.845229851910213270e-01
3.847578170770962758e-01 4.845229851910213270e-01
3.990435313628105662e-01 4.845229851910213270e-01
4.133292456485248567e-01 4.845229851910213270e-01
4.276149599342391472e-01 4.845229851910213270e-01
7.474709381337565350e-01 3.668320289059789907e-02
7.546137952766136525e-01 2.431141140796306416e-02
7.617566524194707700e-01 1.193961992532822751e-02
7.133495858845524396e-01 8.952068376871993305e-01
7.276353001702666745e-01 8.952068376871993305e-01
7.419210144559809095e-01 8.952068376871993305e-01
7.562067287416951444e-01 8.952068376871993305e-01
7.704924430274093794e-01 8.952068376871993305e-01
4.474123668234546436e-01 5.326172664550231639e-01
4.545552239663117611e-01 5.202454749723883776e-01
4.616980811091688786e-01 5.078736834897535912e-01
4.688409382520259960e-01 4.955018920071187494e-01
4.759837953948831135e-01 4.831301005244839075e-01
1.048691665324809064e-01 7.374052060938190989e-01
1.191548808181951968e-01 7.374052060938190989e-01
1.334405951039094873e-01 7.374052060938190989e-01
1.477263093896237778e-01 7.374052060938190989e-01
1.620120236753380683e-01 7.374052060938190989e-01
5.639650920188363781e-01 8.407099858779311097e-01
5.782508063045506130e-01 8.407099858779311097e-01
5.925365205902648480e-01 8.407099858779311097e-01
6.068222348759790830e-01 8.407099858779311097e-01
6.211079491616933179e-01 8.407099858779311097e-01
3.429268642782602461e-01 4.739699414305561520e-01
3.572125785639745366e-01 4.739699414305561520e-01
3.714982928496888270e-01 4.739699414305561520e-01
3.857840071354031175e-01 4.739699414305561520e-01
4.000697214211174080e-01 4.739699414305561520e-01
5.841994847141692704e-01 7.368224753949128569e-01
5.913423418570263879e-01 7.244506839122780706e-01
5.984851989998835053e-01 7.120788924296432842e-01
6.056280561427406228e-01 6.997071009470084979e-01
6.127709132855977403e-01 6.873353094643737116e-01
7.454394741843299865e-01 4.316595462296793917e-01
7.525823313271871040e-01 4.192877547470445498e-01
7.597251884700442215e-01 4.069159632644097080e-01
7.668680456129013390e-01 3.945441717817748661e-01
7.740109027557584565e-01 3.821723802991400243e-01
3.787726259512893545e-01 3.374468338719180949e-01
3.930583402370036450e-01 3.374468338719180949e-01
4.073440545227179355e-01 3.374468338719180949e-01
4.216297688084322259e-01 3.374468338719180949e-01
4.359154830941465164e-01 3.374468338719180949e-01
6.075552222935728386e-01 2.443531554646545256e-01
6.146980794364299561e-01 2.319813639820196838e-01
6.218409365792870735e-01 2.196095724993848419e-01
6.289837937221441910e-01 2.072377810167500001e-01
6.361266508650013085e-01 1.948659895341151582e-01
9.865152487929796932e-01 6.057748193568871509e-01
9.936581059358368107e-01 6.181466108395219372e-01
8.423140352981816070e-01 5.163547787451283622e-02
8.494568924410387245e-01 3.926368639187800130e-02
8.565997495838958420e-01 2.689189490924316639e-02
8.637426067267529595e-01 1.452010342660832974e-02
8.708854638696100769e-01 2.148311943973493093e-03
4.103968269896615118e-01 9.823786169086063946e-01
4.175396841325186292e-01 9.700068254259716083e-01
4.246825412753757467e-01 9.576350339433368219e-01
4.318253984182328642e-01 9.452632424607020356e-01
4.389682555610899817e-01 9.328914509780672493e-01
8.966102629740207997e-01 5.759984178056599680e-01
9.037531201168779171e-01 5.636266263230251816e-01
9.108959772597350346e-01 5.512548348403903953e-01
9.180388344025921521e-01 5.388830433577556089e-01
9.251816915454492696e-01 5.265112518751208226e-01
4.907487792587844622e-01 7.228960966217756745e-01
5.050344935444986971e-01 7.228960966217756745e-01
5.193202078302129321e-01 7.228960966217756745e-01
5.336059221159271670e-01 7.228960966217756745e-01
5.478916364016414020e-01 7.228960966217756745e-01
9.293759891275857887e-01 5.567628930139297827e-01
9.436617034133000237e-01 5.567628930139297827e-01
9.579474176990142587e-01 5.567628930139297827e-01
9.722331319847284936e-01 5.567628930139297827e-01
9.865188462704427286e-01 5.567628930139297827e-01
5.061039563593470181e-01 9.320143422569341363e-01
5.132468135022041356e-01 9.443861337395689226e-01
5.203896706450612530e-01 9.567579252222037089e-01
5.275325277879183705e-01 9.691297167048384953e-01
5.346753849307754880e-01 9.815015081874732816e-01
5.325894325515858618e-01 5.182353682242690773e-02
5.468751468373000968e-01 5.182353682242690773e-02
5.611608611230143318e-01 5.182353682242690773e-02
5.754465754087285667e-01 5.182353682242690773e-02
5.897322896944428017e-01 5.182353682242690773e-02
4.542679722190996472e-01 5.486031179381531953e-01
4.685536865048139377e-01 5.486031179381531953e-01
4.828394007905282281e-01 5.486031179381531953e-01
4.971251150762425186e-01 5.486031179381531953e-01
5.114108293619568091e-01 5.486031179381531953e-01
9.899602323899452383e-01 3.223538449747229695e-01
8.786811124265681006e-02 1.388247734420203772e-01
9.501096838551395529e-02 1.511965649246552190e-01
1.021538255283711005e-01 1.635683564072900609e-01
1.092966826712282458e-01 1.759401478899249027e-01
1.164395398140853910e-01 1.883119393725597446e-01
7.602278598896865525e-01 5.956387406078442748e-01
7.745135741754007874e-01 5.956387406078442748e-01
7.887992884611150224e-01 5.956387406078442748e-01
8.030850027468292573e-01 5.956387406078442748e-01
8.173707170325434923e-01 5.956387406078442748e-01
4.118409141472685331e-01 3.488682665429952978e-01
4.189837712901256506e-01 3.612400580256301397e-01
4.261266284329827680e-01 3.736118495082649815e-01
4.332694855758398855e-01 3.859836409908998234e-01
4.404123427186970030e-01 3.983554324735346652e-01
7.411206492900590526e-01 5.744731131799118984e-01
7.482635064329161700e-01 5.868449046625466847e-01
7.554063635757732875e-01 5.992166961451814711e-01
7.625492207186304050e-01 6.115884876278162574e-01
7.696920778614875225e-01 6.239602791104510437e-01
1.397723766262894962e-01 7.952673118598901914e-01
1.540580909120037867e-01 7.952673118598901914e-01
1.683438051977180772e-01 7.952673118598901914e-01
1.826295194834323676e-01 7.952673118598901914e-01
1.969152337691466581e-01 7.952673118598901914e-01
8.145747202313821100e-01 6.651972206962001311e-01
8.288604345170963450e-01 6.651972206962001311e-01
8.431461488028105800e-01 6.651972206962001311e-01
8.574318630885248149e-01 6.651972206962001311e-01
8.717175773742390499e-01 6.651972206962001311e-01
9.078661304625159634e-01 3.161965822964946105e-01
9.221518447482301983e-01 3.161965822964946105e-01
9.364375590339444333e-01 3.161965822964946105e-01
9.507232733196586683e-01 3.161965822964946105e-01
9.650089876053729032e-01 3.161965822964946105e-01
3.924451074226353864e-01 8.165994394715770932e-01
3.995879645654925039e-01 8.042276479889423069e-01
4.067308217083496213e-01 7.918558565063075205e-01
4.138736788512067388e-01 7.794840650236727342e-01
4.210165359940638563e-01 7.671122735410379478e-01
7.137824548553259874e-01 8.996674452921731291e-01
7.209253119981831048e-01 9.120392367748079154e-01
7.280681691410402223e-01 9.244110282574427018e-01
7.352110262838973398e-01 9.367828197400774881e-01
7.423538834267544573e-01 9.491546112227122745e-01
3.013778741641420789e-01 7.476093801762511148e-01
3.085207313069991963e-01 7.352375886936163285e-01
3.156635884498563138e-01 7.228657972109815422e-01
3.228064455927134313e-01 7.104940057283467558e-01
3.299493027355705488e-01 6.981222142457119695e-01
5.774862709061256982e-01 3.553624518183958747e-01
5.846291280489828157e-01 3.429906603357610329e-01
5.917719851918399332e-01 3.306188688531261910e-01
5.989148423346970507e-01 3.182470773704913491e-01
6.060576994775541682e-01 3.058752858878565073e-01
3.838912213732114109e-01 5.435528611139885946e-01
3.910340785160685284e-01 5.311810696313538083e-01
3.981769356589256459e-01 5.188092781487190219e-01
4.053197928017827634e-01 5.064374866660842356e-01
4.124626499446398809e-01 4.940656951834493937e-01
5.428493106134089086e-01 4.315281431364426101e-01
5.499921677562660260e-01 4.191563516538077683e-01
5.571350248991231435e-01 4.067845601711729264e-01
5.642778820419802610e-01 3.944127686885380846e-01
5.714207391848373785e-01 3.820409772059032427e-01
6.277080530714178597e-01 3.349056146570861259e-01
6.348509102142749772e-01 3.225338231744512840e-01
6.419937673571320946e-01 3.101620316918164422e-01
6.491366244999892121e-01 2.977902402091816003e-01
6.562794816428463296e-01 2.854184487265467585e-01
7.524031200388227036e-01 7.069804612434590352e-01
7.595459771816798211e-01 6.946086697608242488e-01
7.666888343245369386e-01 6.822368782781894625e-01
7.738316914673940561e-01 6.698650867955546762e-01
7.809745486102511736e-01 6.574932953129198898e-01
3.788215655569157070e-01 4.570002192816783326e-01
3.859644226997728245e-01 4.446284277990434908e-01
3.931072798426299419e-01 4.322566363164086489e-01
4.002501369854870594e-01 4.198848448337738071e-01
4.073929941283441769e-01 4.075130533511389652e-01
7.972953657795536220e-01 1.499174273487737796e-01
8.044382229224107395e-01 1.375456358661389378e-01
8.115810800652678569e-01 1.251738443835040959e-01
8.187239372081249744e-01 1.128020529008692541e-01
8.258667943509820919e-01 1.004302614182344122e-01
4.089551770854932267e-01 7.718819805982450877e-01
4.160980342283503441e-01 7.595101891156103013e-01
4.232408913712074616e-01 7.471383976329755150e-01
4.303837485140645791e-01 7.347666061503407287e-01
4.375266056569216966e-01 7.223948146677059423e-01
6.411476328852973028e-01 6.939484444671000229e-01
6.554333471710115377e-01 6.939484444671000229e-01
6.697190614567257727e-01 6.939484444671000229e-01
6.840047757424400077e-01 6.939484444671000229e-01
6.982904900281542426e-01 6.939484444671000229e-01
2.517990589069527552e-01 3.456959935039194409e-01
2.589419160498098726e-01 3.333242020212845991e-01
2.660847731926669901e-01 3.209524105386497572e-01
2.732276303355241076e-01 3.085806190560149154e-01
2.803704874783812251e-01 2.962088275733800735e-01
9.590747945640277772e-01 3.425242571785434009e-01
9.733605088497420121e-01 3.425242571785434009e-01
9.876462231354562471e-01 3.425242571785434009e-01
4.008514167636398895e-01 4.620058036441326843e-01
4.151371310493541800e-01 4.620058036441326843e-01
4.294228453350684704e-01 4.620058036441326843e-01
4.437085596207827609e-01 4.620058036441326843e-01
4.579942739064970514e-01 4.620058036441326843e-01
6.149502631526544416e-01 9.118524088429647012e-01
6.292359774383686766e-01 9.118524088429647012e-01
6.435216917240829115e-01 9.118524088429647012e-01
6.578074060097971465e-01 9.118524088429647012e-01
6.720931202955113815e-01 9.118524088429647012e-01
1.007946030158864970e-01 2.560155318536622149e-01
1.079374601587436422e-01 2.436437403710273730e-01
1.150803173016007874e-01 2.312719488883925312e-01
1.222231744444579327e-01 2.189001574057576893e-01
1.293660315873150779e-01 2.065283659231228475e-01
9.321182824836123926e-01 5.651331835892089428e-01
9.392611396264695101e-01 5.775049750718437291e-01
9.464039967693266275e-01 5.898767665544785155e-01
9.535468539121837450e-01 6.022485580371133018e-01
9.606897110550408625e-01 6.146203495197480882e-01
7.712466685197379990e-01 3.744353697204220177e-01
7.783895256625951165e-01 3.868071612030568596e-01
7.855323828054522339e-01 3.991789526856917014e-01
7.926752399483093514e-01 4.115507441683265433e-01
7.998180970911664689e-01 4.239225356509613851e-01
9.255685129067763306e-01 4.508393714041321054e-01
9.398542271924905656e-01 4.508393714041321054e-01
9.541399414782048005e-01 4.508393714041321054e-01
9.684256557639190355e-01 4.508393714041321054e-01
9.827113700496332704e-01 4.508393714041321054e-01
2.359060345950811932e-01 1.655205103672897637e-01
2.501917488807954837e-01 1.655205103672897637e-01
2.644774631665097742e-01 1.655205103672897637e-01
2.787631774522240646e-01 1.655205103672897637e-01
2.930488917379383551e-01 1.655205103672897637e-01
8.374907890024920754e-01 3.321464126549389384e-01
8.517765032882063103e-01 3.321464126549389384e-01
8.660622175739205453e-01 3.321464126549389384e-01
8.803479318596347802e-01 3.321464126549389384e-01
8.946336461453490152e-01 3.321464126549389384e-01
8.028534485980114432e-01 4.632023004602858762e-03
8.099963057408685607e-01 1.700381448723769368e-02
8.171391628837256782e-01 2.937560596987252859e-02
8.242820200265827957e-01 4.174739745250736350e-02
8.314248771694399132e-01 5.411918893514219842e-02
1.142673000556877483e-01 4.145045842036276795e-01
1.285530143414020388e-01 4.145045842036276795e-01
1.428387286271163292e-01 4.145045842036276795e-01
1.571244429128306197e-01 4.145045842036276795e-01
1.714101571985449102e-01 4.145045842036276795e-01
9.198556164127604795e-01 3.463459943659612517e-01
9.341413306984747145e-01 3.463459943659612517e-01
9.484270449841889494e-01 3.463459943659612517e-01
9.627127592699031844e-01 3.463459943659612517e-01
9.769984735556174194e-01 3.463459943659612517e-01
4.808369780890735523e-01 9.184547249393011370e-01
4.879798352319306698e-01 9.060829334566663507e-01
4.951226923747877873e-01 8.937111419740315643e-01
5.022655495176449048e-01 8.813393504913967780e-01
5.094084066605020222e-01 8.689675590087619916e-01
1.763869865062233089e-01 4.983677727394797419e-01
1.906727007919375994e-01 4.983677727394797419e-01
2.049584150776518898e-01 4.983677727394797419e-01
2.192441293633661803e-01 4.983677727394797419e-01
2.335298436490804708e-01 4.983677727394797419e-01
3.387916024659498593e-02 3.114731711327574093e-01
4.102201738945213116e-02 3.238449626153922511e-01
4.816487453230927640e-02 3.362167540980270930e-01
5.530773167516642164e-02 3.485885455806619349e-01
6.245058881802356687e-02 3.609603370632967767e-01
6.635373720167105915e-01 1.780359668697514275e-01
6.706802291595677090e-01 1.904077583523862693e-01
6.778230863024248265e-01 2.027795498350211112e-01
6.849659434452819440e-01 2.151513413176559530e-01
6.921088005881390615e-01 2.275231328002907949e-01
9.968742518459473567e-01 5.021950103312425862e-01
3.099369262686109128e-01 3.973181154575978757e-01
3.170797834114680303e-01 3.849463239749630339e-01
3.242226405543251477e-01 3.725745324923281920e-01
3.313654976971822652e-01 3.602027410096933502e-01
3.385083548400393827e-01 3.478309495270585083e-01
2.099055930955857630e-01 8.980542894407137489e-01
2.241913073813000534e-01 8.980542894407137489e-01
2.384770216670143439e-01 8.980542894407137489e-01
2.527627359527286344e-01 8.980542894407137489e-01
2.670484502384429248e-01 8.980542894407137489e-01
1.906877206636665711e-01 3.654966784809488001e-02
2.049734349493808616e-01 3.654966784809488001e-02
2.192591492350951521e-01 3.654966784809488001e-02
2.335448635208094426e-01 3.654966784809488001e-02
2.478305778065237330e-01 3.654966784809488001e-02
8.365648132923328983e-01 5.874536042340743336e-01
8.437076704351900158e-01 5.998253957167091199e-01
8.508505275780471333e-01 6.121971871993439063e-01
8.579933847209042508e-01 6.245689786819786926e-01
8.651362418637613683e-01 6.369407701646134790e-01
7.755276166950105798e-01 4.532888347480276137e-01
7.898133309807248148e-01 4.532888347480276137e-01
8.040990452664390498e-01 4.532888347480276137e-01
8.183847595521532847e-01 4.532888347480276137e-01
8.326704738378675197e-01 4.532888347480276137e-01
5.344558912572469067e-01 4.810879483875859508e-01
5.487416055429611417e-01 4.810879483875859508e-01
5.630273198286753766e-01 4.810879483875859508e-01
5.773130341143896116e-01 4.810879483875859508e-01
5.915987484001038466e-01 4.810879483875859508e-01
5.596403313082178865e-01 1.552402459307125060e-01
5.667831884510750040e-01 1.676120374133473478e-01
5.739260455939321215e-01 1.799838288959821897e-01
5.810689027367892390e-01 1.923556203786170316e-01
5.882117598796463565e-01 2.047274118612518734e-01
3.343628113104821775e-01 7.550336380388922297e-02
3.415056684533392950e-01 6.313157232125438112e-02
3.486485255961964125e-01 5.075978083861954621e-02
3.557913827390535300e-01 3.838798935598471129e-02
3.629342398819106474e-01 2.601619787334987638e-02
3.733093162797529452e-01 2.707446731435537712e-01
3.875950305654672357e-01 2.707446731435537712e-01
4.018807448511815261e-01 2.707446731435537712e-01
4.161664591368958166e-01 2.707446731435537712e-01
4.304521734226101071e-01 2.707446731435537712e-01
5.265784666592937535e-01 8.007497714861210314e-01
5.337213238021508710e-01 7.883779800034862451e-01
5.408641809450079885e-01 7.760061885208514587e-01
5.480070380878651060e-01 7.636343970382166724e-01
5.551498952307222234e-01 7.512626055555818860e-01
1.561525973661903599e-01 7.159722288473975293e-01
1.632954545090475051e-01 7.283440203300323157e-01
1.704383116519046504e-01 7.407158118126671020e-01
1.775811687947617956e-01 7.530876032953018884e-01
1.847240259376189409e-01 7.654593947779366747e-01
4.079844953648447126e-01 5.517225952593397542e-01
4.151273525077018300e-01 5.393508037767049679e-01
4.222702096505589475e-01 5.269790122940701815e-01
4.294130667934160650e-01 5.146072208114353952e-01
4.365559239362731825e-01 5.022354293288006089e-01
2.310747965880713961e-01 6.718927435987284147e-01
2.382176537309285413e-01 6.842645350813632010e-01
2.453605108737856866e-01 6.966363265639979874e-01
2.525033680166428041e-01 7.090081180466327737e-01
2.596462251594999215e-01 7.213799095292675601e-01
1.785446620543336138e-01 6.527461078518747017e-01
1.856875191971907590e-01 6.403743163692399154e-01
1.928303763400479043e-01 6.280025248866051291e-01
1.999732334829050495e-01 6.156307334039703427e-01
2.071160906257621948e-01 6.032589419213355564e-01
7.208130963105066069e-01 8.053149673579050871e-01
7.350988105962208419e-01 8.053149673579050871e-01
7.493845248819350768e-01 8.053149673579050871e-01
7.636702391676493118e-01 8.053149673579050871e-01
7.779559534533635468e-01 8.053149673579050871e-01
6.031974021769795913e-01 8.068501489625860001e-01
6.103402593198367088e-01 8.192219404452207865e-01
6.174831164626938262e-01 8.315937319278555728e-01
6.246259736055509437e-01 8.439655234104903592e-01
6.317688307484080612e-01 8.563373148931251455e-01
8.963358185211197648e-01 1.300192351073603536e-02
9.034786756639768823e-01 6.301320281011987129e-04
2.594234334312924828e-01 3.796924081672669038e-01
2.665662905741496003e-01 3.673206166846320619e-01
2.737091477170067177e-01 3.549488252019972201e-01
2.808520048598638352e-01 3.425770337193623782e-01
2.879948620027209527e-01 3.302052422367275364e-01
3.422811082052912290e-02 8.306545065652497506e-01
4.137096796338626814e-02 8.430262980478845369e-01
4.851382510624341338e-02 8.553980895305193233e-01
5.565668224910055861e-02 8.677698810131541096e-01
6.279953939195770385e-02 8.801416724957888960e-01
8.610680199747215990e-01 2.195105250809586961e-01
8.753537342604358340e-01 2.195105250809586961e-01
8.896394485461500690e-01 2.195105250809586961e-01
9.039251628318643039e-01 2.195105250809586961e-01
9.182108771175785389e-01 2.195105250809586961e-01
5.657766199665604789e-01 9.853673122417346830e-01
5.729194771094175964e-01 9.729955207590998967e-01
5.800623342522747139e-01 9.606237292764651103e-01
5.872051913951318314e-01 9.482519377938303240e-01
5.943480485379889489e-01 9.358801463111955377e-01
7.998552559473152135e-01 4.252135044692334498e-01
8.069981130901723310e-01 4.128417129865986079e-01
8.141409702330294484e-01 4.004699215039637661e-01
8.212838273758865659e-01 3.880981300213289242e-01
8.284266845187436834e-01 3.757263385386940824e-01
6.334782198261472708e-01 2.578876854332022850e-01
6.477639341118615057e-01 2.578876854332022850e-01
6.620496483975757407e-01 2.578876854332022850e-01
6.763353626832899756e-01 2.578876854332022850e-01
6.906210769690042106e-01 2.578876854332022850e-01
5.256901823026858267e-01 1.716792858483034978e-01
5.328330394455429442e-01 1.593074943656686560e-01
5.399758965884000617e-01 1.469357028830338141e-01
5.471187537312571791e-01 1.345639114003989723e-01
5.542616108741142966e-01 1.221921199177641304e-01
6.831838564454814078e-01 8.225838759116739229e-01
6.903267135883385253e-01 8.349556673943087093e-01
6.974695707311956427e-01 8.473274588769434956e-01
7.046124278740527602e-01 8.596992503595782820e-01
7.117552850169098777e-01 8.720710418422130683e-01
8.150544284024571207e-01 4.980907535110057349e-01
8.293401426881713556e-01 4.980907535110057349e-01
8.436258569738855906e-01 4.980907535110057349e-01
8.579115712595998255e-01 4.980907535110057349e-01
8.721972855453140605e-01 4.980907535110057349e-01
5.541780025157934109e-01 6.514203883518642213e-01
5.684637168015076458e-01 6.514203883518642213e-01
5.827494310872218808e-01 6.514203883518642213e-01
5.970351453729361157e-01 6.514203883518642213e-01
6.113208596586503507e-01 6.514203883518642213e-01
7.202025816322957796e-01 1.065787301286743594e-01
7.344882959180100146e-01 1.065787301286743594e-01
7.487740102037242496e-01 1.065787301286743594e-01
7.630597244894384845e-01 1.065787301286743594e-01
7.773454387751527195e-01 1.065787301286743594e-01
1.368856300688072736e-01 9.000186418481050943e-01
1.511713443545215640e-01 9.000186418481050943e-01
1.654570586402358545e-01 9.000186418481050943e-01
1.797427729259501450e-01 9.000186418481050943e-01
1.940284872116644355e-01 9.000186418481050943e-01
6.650366745462554796e-01 1.753712786234495891e-01
6.721795316891125971e-01 1.877430701060844309e-01
6.793223888319697146e-01 2.001148615887192728e-01
6.864652459748268321e-01 2.124866530713541146e-01
6.936081031176839495e-01 2.248584445539889565e-01
8.381069631782958052e-01 4.043815015490243026e-01
8.523926774640100401e-01 4.043815015490243026e-01
8.666783917497242751e-01 4.043815015490243026e-01
8.809641060354385100e-01 4.043815015490243026e-01
8.952498203211527450e-01 4.043815015490243026e-01
5.189177052828375380e-01 4.696596677505504580e-02
5.332034195685517730e-01 4.696596677505504580e-02
5.474891338542660080e-01 4.696596677505504580e-02
5.617748481399802429e-01 4.696596677505504580e-02
5.760605624256944779e-01 4.696596677505504580e-02
7.380336164263704424e-01 8.279866792512646789e-02
7.451764735692275599e-01 7.042687644249162604e-02
7.523193307120846773e-01 5.805508495985679113e-02
7.594621878549417948e-01 4.568329347722195621e-02
7.666050449977989123e-01 3.331150199458712130e-02
2.453491096813209538e-01 3.892956140419765454e-01
2.524919668241780712e-01 3.769238225593417035e-01
2.596348239670351887e-01 3.645520310767068617e-01
2.667776811098923062e-01 3.521802395940720198e-01
2.739205382527494237e-01 3.398084481114371780e-01
3.556727164649491346e-01 7.190459051842454929e-01
3.628155736078062521e-01 7.066741137016107066e-01
3.699584307506633696e-01 6.943023222189759203e-01
3.771012878935204871e-01 6.819305307363411339e-01
3.842441450363776045e-01 6.695587392537063476e-01
6.636711653626481411e-01 9.368297393247579929e-01
6.708140225055052586e-01 9.492015308073927793e-01
6.779568796483623760e-01 9.615733222900275656e-01
6.850997367912194935e-01 9.739451137726623520e-01
6.922425939340766110e-01 9.863169052552971383e-01
3.342438908169608203e-01 7.709122037458219223e-01
3.413867479598179377e-01 7.832839952284567087e-01
3.485296051026750552e-01 7.956557867110914950e-01
3.556724622455321727e-01 8.080275781937262813e-01
3.628153193883892902e-01 8.203993696763610677e-01
3.443837320442332262e-01 3.515401611342188204e-01
3.515265891870903436e-01 3.639119526168536622e-01
3.586694463299474611e-01 3.762837440994885041e-01
3.658123034728045786e-01 3.886555355821233460e-01
3.729551606156616961e-01 4.010273270647581878e-01
4.954913162061984622e-01 6.884023964277360408e-01
5.097770304919126971e-01 6.884023964277360408e-01
5.240627447776269321e-01 6.884023964277360408e-01
5.383484590633411671e-01 6.884023964277360408e-01
5.526341733490554020e-01 6.884023964277360408e-01
7.994158789689792544e-01 6.946964708544267619e-01
8.137015932546934893e-01 6.946964708544267619e-01
8.279873075404077243e-01 6.946964708544267619e-01
8.422730218261219592e-01 6.946964708544267619e-01
8.565587361118361942e-01 6.946964708544267619e-01
5.253818558384915072e-03 1.030937460137448802e-01
1.239667570124206031e-02 1.154655374963797221e-01
1.953953284409920554e-02 1.278373289790145639e-01
2.668238998695635078e-02 1.402091204616494058e-01
3.382524712981349602e-02 1.525809119442842476e-01
9.158207332663415023e-02 9.173135754622427918e-01
9.872493046949129547e-02 9.296853669448775781e-01
1.058677876123484407e-01 9.420571584275123644e-01
1.130106447552055859e-01 9.544289499101471508e-01
1.201535018980627312e-01 9.668007413927819371e-01
7.900135587918560853e-01 6.905602324456405761e-01
7.971564159347132028e-01 7.029320239282753624e-01
8.042992730775703203e-01 7.153038154109101487e-01
8.114421302204274378e-01 7.276756068935449351e-01
8.185849873632845553e-01 7.400473983761797214e-01
7.241033292731385851e-01 6.372315797894868572e-01
7.312461864159957026e-01 6.496033712721216435e-01
7.383890435588528200e-01 6.619751627547564299e-01
7.455319007017099375e-01 6.743469542373912162e-01
7.526747578445670550e-01 6.867187457200260026e-01
9.876680079966470016e-01 9.440593396866132636e-01
9.948108651395041191e-01 9.316875482039784773e-01
3.128548565055875308e-01 1.205225787864644404e-01
3.199977136484446483e-01 1.081507873038295986e-01
3.271405707913017658e-01 9.577899582119475674e-02
3.342834279341588832e-01 8.340720433855991489e-02
3.414262850770160007e-01 7.103541285592507304e-02
2.973490073725507665e-01 9.243961953765303941e-01
3.116347216582650570e-01 9.243961953765303941e-01
3.259204359439793475e-01 9.243961953765303941e-01
3.402061502296936379e-01 9.243961953765303941e-01
3.544918645154079284e-01 9.243961953765303941e-01
4.217626597305125236e-01 7.953418379590974086e-01
4.289055168733696410e-01 7.829700464764626222e-01
4.360483740162267585e-01 7.705982549938278359e-01
4.431912311590838760e-01 7.582264635111930495e-01
4.503340883019409935e-01 7.458546720285582632e-01
8.620426509893134304e-01 8.445493985350703836e-01
8.763283652750276653e-01 8.445493985350703836e-01
8.906140795607419003e-01 8.445493985350703836e-01
9.048997938464561352e-01 8.445493985350703836e-01
9.191855081321703702e-01 8.445493985350703836e-01
7.695320162920915585e-02 6.962887758781397540e-01
9.123891591492344633e-02 6.962887758781397540e-01
1.055246302006377368e-01 6.962887758781397540e-01
1.198103444863520273e-01 6.962887758781397540e-01
1.340960587720663177e-01 6.962887758781397540e-01
7.247667715287614554e-01 6.535634079894236947e-02
7.319096286716185729e-01 5.298454931630753456e-02
7.390524858144756903e-01 4.061275783367269965e-02
7.461953429573328078e-01 2.824096635103786473e-02
7.533382001001899253e-01 1.586917486840302982e-02
8.039769794008976289e-01 5.384014903807875507e-01
8.182626936866118639e-01 5.384014903807875507e-01
8.325484079723260988e-01 5.384014903807875507e-01
8.468341222580403338e-01 5.384014903807875507e-01
8.611198365437545688e-01 5.384014903807875507e-01
3.187525029320699144e-01 6.258913764370090949e-01
3.258953600749270318e-01 6.382631679196438812e-01
3.330382172177841493e-01 6.506349594022786675e-01
3.401810743606412668e-01 6.630067508849134539e-01
3.473239315034983843e-01 6.753785423675482402e-01
6.158631881823045662e-01 2.329594747536337662e-01
6.230060453251616837e-01 2.205876832709989244e-01
6.301489024680188011e-01 2.082158917883640825e-01
6.372917596108759186e-01 1.958441003057292407e-01
6.444346167537330361e-01 1.834723088230943988e-01
4.619428505755875936e-01 9.903413133417771075e-01
4.690857077184447110e-01 9.779695218591423211e-01
4.762285648613018285e-01 9.655977303765075348e-01
4.833714220041589460e-01 9.532259388938727485e-01
4.905142791470160635e-01 9.408541474112379621e-01
7.002970574747102717e-02 9.485433628498074476e-03
7.717256289032817240e-02 2.185722511113290939e-02
8.431542003318531764e-02 3.422901659376774430e-02
9.145827717604246287e-02 4.660080807640257922e-02
9.860113431889960811e-02 5.897259955903741413e-02
7.671882889311268938e-01 4.019309136092421575e-01
7.743311460739840113e-01 4.143027050918769993e-01
7.814740032168411288e-01 4.266744965745118412e-01
7.886168603596982463e-01 4.390462880571466830e-01
7.957597175025553637e-01 4.514180795397815249e-01
8.528218216919013495e-01 7.155533152342419267e-01
8.599646788347584669e-01 7.279251067168767131e-01
8.671075359776155844e-01 7.402968981995114994e-01
8.742503931204727019e-01 7.526686896821462858e-01
8.813932502633298194e-01 7.650404811647810721e-01
4.510067722032318205e-02 1.094675986791151523e-01
5.224353436318032728e-02 1.218393901617499941e-01
5.938639150603747252e-02 1.342111816443848360e-01
6.652924864889461776e-02 1.465829731270196779e-01
7.367210579175176299e-02 1.589547646096545197e-01
7.979893221433833617e-01 2.589826516018136626e-01
8.122750364290975966e-01 2.589826516018136626e-01
8.265607507148118316e-01 2.589826516018136626e-01
8.408464650005260665e-01 2.589826516018136626e-01
8.551321792862403015e-01 2.589826516018136626e-01
9.823305150800816232e-01 8.841989781315029440e-01
9.894733722229387407e-01 8.718271866488681576e-01
9.966162293657958582e-01 8.594553951662333713e-01
6.496466489923684584e-01 6.077367948788591212e-01
6.567895061352255759e-01 6.201085863614939075e-01
6.639323632780826934e-01 6.324803778441286939e-01
6.710752204209398109e-01 6.448521693267634802e-01
6.782180775637969283e-01 6.572239608093982666e-01
1.203387620349959386e-01 4.694535714781300495e-02
1.274816191778530838e-01 5.931714863044783986e-02
1.346244763207102291e-01 7.168894011308267478e-02
1.417673334635673743e-01 8.406073159571751663e-02
1.489101906064245195e-01 9.643252307835235848e-02
8.262056957939658552e-01 8.007696871298750629e-01
8.404914100796800902e-01 8.007696871298750629e-01
8.547771243653943252e-01 8.007696871298750629e-01
8.690628386511085601e-01 8.007696871298750629e-01
8.833485529368227951e-01 8.007696871298750629e-01
5.972740724303410298e-01 5.250315008602681743e-01
6.044169295731981473e-01 5.126597093776333880e-01
6.115597867160552648e-01 5.002879178949986017e-01
6.187026438589123822e-01 4.879161264123637598e-01
6.258455010017694997e-01 4.755443349297289179e-01
9.963357758067242775e-01 8.974361480462038632e-01
3.486516023382491003e-02 8.949214412278398978e-01
4.200801737668205527e-02 9.072932327104746841e-01
4.915087451953920050e-02 9.196650241931094705e-01
5.629373166239634574e-02 9.320368156757442568e-01
6.343658880525349097e-02 9.444086071583790432e-01
2.729593748563149402e-01 4.766768283303683962e-01
2.801022319991720577e-01 4.643050368477335543e-01
2.872450891420291752e-01 4.519332453650987125e-01
2.943879462848862927e-01 4.395614538824638706e-01
3.015308034277434102e-01 4.271896623998290288e-01
5.082139818025965816e-03 6.957142928497501710e-01
1.936785410374024935e-02 6.957142928497501710e-01
3.365356838945453288e-02 6.957142928497501710e-01
4.793928267516881642e-02 6.957142928497501710e-01
6.222499696088309995e-02 6.957142928497501710e-01
5.326025194007620867e-01 9.621219725920497901e-01
5.397453765436192041e-01 9.744937640746845764e-01
5.468882336864763216e-01 9.868655555573193627e-01
5.540310908293334391e-01 9.992373470399541491e-01
8.944799309680674382e-01 9.914753351450481533e-01
9.087656452537816731e-01 9.914753351450481533e-01
9.230513595394959081e-01 9.914753351450481533e-01
9.373370738252101431e-01 9.914753351450481533e-01
9.516227881109243780e-01 9.914753351450481533e-01
4.951465270139743247e-01 4.805865773266480012e-01
5.022893841568314421e-01 4.929583688092828431e-01
5.094322412996885596e-01 5.053301602919176849e-01
5.165750984425456771e-01 5.177019517745524713e-01
5.237179555854027946e-01 5.300737432571872576e-01
5.437789079973992523e-01 8.644928803073484991e-01
5.509217651402563698e-01 8.768646717899832854e-01
5.580646222831134873e-01 8.892364632726180718e-01
5.652074794259706048e-01 9.016082547552528581e-01
5.723503365688277222e-01 9.139800462378876444e-01
1.573406597025259757e-01 1.604001053300720958e-01
1.644835168453831209e-01 1.727718968127069377e-01
1.716263739882402661e-01 1.851436882953417795e-01
1.787692311310974114e-01 1.975154797779766214e-01
1.859120882739545566e-01 2.098872712606114632e-01
2.924728303455914613e-02 8.258167505647626694e-01
4.353299732027342966e-02 8.258167505647626694e-01
5.781871160598771320e-02 8.258167505647626694e-01
7.210442589170200367e-02 8.258167505647626694e-01
8.639014017741629414e-02 8.258167505647626694e-01
8.199469174081001066e-01 2.286251615249235147e-01
8.270897745509572241e-01 2.162533700422886729e-01
8.342326316938143416e-01 2.038815785596538310e-01
8.413754888366714590e-01 1.915097870770189892e-01
8.485183459795285765e-01 1.791379955943841473e-01
1.607598960483082040e-01 8.179670241190621915e-01
1.750456103340224945e-01 8.179670241190621915e-01
1.893313246197367850e-01 8.179670241190621915e-01
2.036170389054510754e-01 8.179670241190621915e-01
2.179027531911653659e-01 8.179670241190621915e-01
7.566358037849346685e-01 2.586883306979079755e-01
7.709215180706489035e-01 2.586883306979079755e-01
7.852072323563631384e-01 2.586883306979079755e-01
7.994929466420773734e-01 2.586883306979079755e-01
8.137786609277916083e-01 2.586883306979079755e-01
2.870381331749127796e-01 6.169269183757422059e-01
2.941809903177698970e-01 6.292987098583769923e-01
3.013238474606270145e-01 6.416705013410117786e-01
3.084667046034841320e-01 6.540422928236465649e-01
3.156095617463412495e-01 6.664140843062813513e-01
5.598443123088294726e-01 1.158438567802576591e-01
5.741300265945437076e-01 1.158438567802576591e-01
5.884157408802579425e-01 1.158438567802576591e-01
6.027014551659721775e-01 1.158438567802576591e-01
6.169871694516864125e-01 1.158438567802576591e-01
1.284487180931913608e-01 2.833429482655815956e-01
1.355915752360485060e-01 2.709711567829467538e-01
1.427344323789056513e-01 2.585993653003119119e-01
1.498772895217627965e-01 2.462275738176770701e-01
1.570201466646199417e-01 2.338557823350422282e-01
5.412665786761102771e-01 9.629920038589946385e-01
5.484094358189673946e-01 9.506202123763598522e-01
5.555522929618245120e-01 9.382484208937250658e-01
5.626951501046816295e-01 9.258766294110902795e-01
5.698380072475387470e-01 9.135048379284554931e-01
3.921512114451966013e-01 1.794973234238333992e-01
3.992940685880537188e-01 1.918691149064682411e-01
4.064369257309108363e-01 2.042409063891030829e-01
4.135797828737679538e-01 2.166126978717379248e-01
4.207226400166250713e-01 2.289844893543727666e-01
7.085720046026293684e-01 4.735738884350885192e-01
7.228577188883436033e-01 4.735738884350885192e-01
7.371434331740578383e-01 4.735738884350885192e-01
7.514291474597720732e-01 4.735738884350885192e-01
7.657148617454863082e-01 4.735738884350885192e-01
6.209155177674771098e-01 4.574203381251285006e-02
6.352012320531913447e-01 4.574203381251285006e-02
6.494869463389055797e-01 4.574203381251285006e-02
6.637726606246198147e-01 4.574203381251285006e-02
6.780583749103340496e-01 4.574203381251285006e-02
9.901483727506470434e-01 6.760522571867544350e-01
9.972912298935041608e-01 6.636804657041196487e-01
6.562614457401294565e-02 8.215129474074409632e-01
7.276900171687009089e-02 8.091411559248061769e-01
7.991185885972723613e-02 7.967693644421713906e-01
8.705471600258438136e-02 7.843975729595366042e-01
9.419757314544152660e-02 7.720257814769018179e-01
9.971245001577111466e-01 4.261813022359729475e-01
6.936822257814886372e-01 2.207696127887603943e-01
7.079679400672028722e-01 2.207696127887603943e-01
7.222536543529171071e-01 2.207696127887603943e-01
7.365393686386313421e-01 2.207696127887603943e-01
7.508250829243455771e-01 2.207696127887603943e-01
7.728227800168044892e-01 2.300536830314339198e-01
7.799656371596616067e-01 2.176818915487990780e-01
7.871084943025187242e-01 2.053101000661642361e-01
7.942513514453758416e-01 1.929383085835293943e-01
8.013942085882329591e-01 1.805665171008945524e-01
9.436159201675988761e-01 4.197273169261223069e-01
9.507587773104559936e-01 4.073555254434874651e-01
9.579016344533131111e-01 3.949837339608526232e-01
9.650444915961702286e-01 3.826119424782177814e-01
9.721873487390273461e-01 3.702401509955829395e-01
9.839776479598282277e-01 4.093340063150430197e-01
9.982633622455424627e-01 4.093340063150430197e-01
2.299546058910861834e-01 2.131047040250833025e-01
2.370974630339433287e-01 2.254764955077181443e-01
2.442403201768004739e-01 2.378482869903529862e-01
2.513831773196575914e-01 2.502200784729878280e-01
2.585260344625147089e-01 2.625918699556226699e-01
6.516668253758850504e-01 3.685263437237611406e-01
6.588096825187421679e-01 3.561545522411262987e-01
6.659525396615992854e-01 3.437827607584914569e-01
6.730953968044564029e-01 3.314109692758566150e-01
6.802382539473135203e-01 3.190391777932217732e-01
4.715324601025127071e-01 5.432328057899581397e-01
4.858181743882269976e-01 5.432328057899581397e-01
5.001038886739412881e-01 5.432328057899581397e-01
5.143896029596555231e-01 5.432328057899581397e-01
5.286753172453697580e-01 5.432328057899581397e-01
2.037012492762741989e-01 9.116449040619167832e-02
2.108441064191313441e-01 7.879269892355683647e-02
2.179869635619884893e-01 6.642090744092199461e-02
2.251298207048456346e-01 5.404911595828715970e-02
2.322726778477027798e-01 4.167732447565232479e-02
4.536936346052826696e-01 5.303543937282561016e-01
4.608364917481397871e-01 5.179826022456213153e-01
4.679793488909969046e-01 5.056108107629865289e-01
4.751222060338540221e-01 4.932390192803516871e-01
4.822650631767111395e-01 4.808672277977168452e-01
6.262203216314153886e-01 1.312448776823875729e-01
6.333631787742725061e-01 1.436166691650224148e-01
6.405060359171296236e-01 1.559884606476572566e-01
6.476488930599867411e-01 1.683602521302920985e-01
6.547917502028438586e-01 1.807320436129269403e-01
9.118360349599110570e-01 9.675112636137777056e-01
9.261217492456252920e-01 9.675112636137777056e-01
9.404074635313395270e-01 9.675112636137777056e-01
9.546931778170537619e-01 9.675112636137777056e-01
9.689788921027679969e-01 9.675112636137777056e-01
4.620972907656606399e-01 1.231835166425887529e-03
7.975591006371881564e-01 3.103619589235737664e-01
8.047019577800452739e-01 3.227337504062086082e-01
8.118448149229023914e-01 3.351055418888434501e-01
8.189876720657595088e-01 3.474773333714782919e-01
8.261305292086166263e-01 3.598491248541131338e-01
1.495806426675657663e-01 4.645985966358101571e-01
1.638663569532800568e-01 4.645985966358101571e-01
1.781520712389943473e-01 4.645985966358101571e-01
1.924377855247086377e-01 4.645985966358101571e-01
2.067234998104229282e-01 4.645985966358101571e-01
7.218876279269350604e-01 6.569838575644930678e-01
7.290304850697921779e-01 6.693556490471278542e-01
7.361733422126492954e-01 6.817274405297626405e-01
7.433161993555064129e-01 6.940992320123974268e-01
7.504590564983635304e-01 7.064710234950322132e-01
1.027924044926656899e-01 5.709045018441643027e-01
1.099352616355228351e-01 5.585327103615295163e-01
1.170781187783799804e-01 5.461609188788947300e-01
1.242209759212371256e-01 5.337891273962599437e-01
1.313638330640942709e-01 5.214173359136251573e-01
3.969232762015960647e-01 1.327157540430603522e-01
4.040661333444531822e-01 1.203439625604255103e-01
4.112089904873102997e-01 1.079721710777906685e-01
4.183518476301674172e-01 9.560037959515582662e-02
4.254947047730245346e-01 8.322858811252098477e-02
2.008590898622941712e-01 6.931939408226809318e-01
2.080019470051513164e-01 6.808221493400461455e-01
2.151448041480084616e-01 6.684503578574113591e-01
2.222876612908656069e-01 6.560785663747765728e-01
2.294305184337227521e-01 6.437067748921417865e-01
2.001502442448100938e-01 1.674825822590697566e-01
2.072931013876672390e-01 1.798543737417045985e-01
2.144359585305243843e-01 1.922261652243394403e-01
2.215788156733815295e-01 2.045979567069742822e-01
2.287216728162386747e-01 2.169697481896091240e-01
9.515499743553269552e-01 1.242199667280593500e-01
9.586928314981840726e-01 1.118481752454245082e-01
9.658356886410411901e-01 9.947638376278966632e-02
9.729785457838983076e-01 8.710459228015482447e-02
9.801214029267554251e-01 7.473280079751998262e-02
6.253046602139478161e-01 7.834227259416146616e-01
6.324475173568049335e-01 7.710509344589798753e-01
6.395903744996620510e-01 7.586791429763450889e-01
6.467332316425191685e-01 7.463073514937103026e-01
6.538760887853762860e-01 7.339355600110755162e-01
8.148251137465122307e-01 8.011484638467514241e-02
8.291108280322264656e-01 8.011484638467514241e-02
8.433965423179407006e-01 8.011484638467514241e-02
8.576822566036549356e-01 8.011484638467514241e-02
8.719679708893691705e-01 8.011484638467514241e-02
6.502941858734538894e-01 4.792789285762872886e-01
6.574370430163110068e-01 4.669071370936524468e-01
6.645799001591681243e-01 4.545353456110176049e-01
6.717227573020252418e-01 4.421635541283827631e-01
6.788656144448823593e-01 4.297917626457479212e-01
2.192139873580443155e-01 9.758652558191313053e-01
2.263568445009014607e-01 9.882370473017660917e-01
1.821179156886992834e-01 7.896985071424791336e-01
1.892607728315564286e-01 7.773267156598443473e-01
1.964036299744135738e-01 7.649549241772095609e-01
2.035464871172707191e-01 7.525831326945747746e-01
2.106893442601278643e-01 7.402113412119399882e-01
4.932768467837995718e-01 8.152648955242669526e-02
5.004197039266566893e-01 6.915469806979185341e-02
5.075625610695138068e-01 5.678290658715701850e-02
5.147054182123709243e-01 4.441111510452218358e-02
5.218482753552280418e-01 3.203932362188734867e-02
2.035782803422426790e-01 8.404524062769335169e-01
2.107211374850998242e-01 8.528241977595683032e-01
2.178639946279569695e-01 8.651959892422030896e-01
2.250068517708141147e-01 8.775677807248378759e-01
2.321497089136712599e-01 8.899395722074726622e-01
8.682725054083805238e-01 7.271690697663080183e-01
8.754153625512376413e-01 7.395408612489428046e-01
8.825582196940947588e-01 7.519126527315775910e-01
8.897010768369518763e-01 7.642844442142123773e-01
8.968439339798089938e-01 7.766562356968471637e-01
9.876495637360578339e-01 4.010919141248248110e-02
9.947924208789149514e-01 5.248098289511731601e-02
5.139958678087249710e-01 5.880583780900792146e-01
5.282815820944392060e-01 5.880583780900792146e-01
5.425672963801534410e-01 5.880583780900792146e-01
5.568530106658676759e-01 5.880583780900792146e-01
5.711387249515819109e-01 5.880583780900792146e-01
7.252576604151365069e-01 4.866689414247028500e-01
7.395433747008507419e-01 4.866689414247028500e-01
7.538290889865649769e-01 4.866689414247028500e-01
7.681148032722792118e-01 4.866689414247028500e-01
7.824005175579934468e-01 4.866689414247028500e-01
5.977235652558643419e-01 7.929560946056315451e-01
6.048664223987214594e-01 7.805843031229967588e-01
6.120092795415785769e-01 7.682125116403619725e-01
6.191521366844356944e-01 7.558407201577271861e-01
6.262949938272928119e-01 7.434689286750923998e-01
2.768277972350515759e-01 5.923503285933622298e-01
2.911135115207658663e-01 5.923503285933622298e-01
3.053992258064801568e-01 5.923503285933622298e-01
3.196849400921944473e-01 5.923503285933622298e-01
3.339706543779087378e-01 5.923503285933622298e-01
1.796831088702419699e-01 2.375433249238776412e-01
1.939688231559562603e-01 2.375433249238776412e-01
2.082545374416705508e-01 2.375433249238776412e-01
2.225402517273848413e-01 2.375433249238776412e-01
2.368259660130991318e-01 2.375433249238776412e-01
4.922778564480347896e-01 2.472310744031770424e-01
4.994207135908919071e-01 2.596028658858118843e-01
5.065635707337490246e-01 2.719746573684467261e-01
5.137064278766061420e-01 2.843464488510815680e-01
5.208492850194632595e-01 2.967182403337164098e-01
6.626212790083203519e-01 9.526150795462628995e-02
6.697641361511774694e-01 1.076332994372611318e-01
6.769069932940345868e-01 1.200050909198959737e-01
6.840498504368917043e-01 1.323768824025308155e-01
6.911927075797488218e-01 1.447486738851656574e-01
7.734731256866006488e-01 1.308736607183498268e-01
7.806159828294577663e-01 1.432454522009846687e-01
7.877588399723148838e-01 1.556172436836195105e-01
7.949016971151720012e-01 1.679890351662543524e-01
8.020445542580291187e-01 1.803608266488891942e-01
4.487775738314030427e-01 6.693904014593613505e-01
4.559204309742601602e-01 6.817621929419961369e-01
4.630632881171172777e-01 6.941339844246309232e-01
4.702061452599743951e-01 7.065057759072657095e-01
4.773490024028315126e-01 7.188775673899004959e-01
4.308875236618059379e-01 2.487142725876299032e-01
4.380303808046630554e-01 2.363424811049950613e-01
4.451732379475201729e-01 2.239706896223602195e-01
4.523160950903772903e-01 2.115988981397253776e-01
4.594589522332344078e-01 1.992271066570905358e-01
9.485833548514337465e-01 2.525277820754192604e-01
9.628690691371479815e-01 2.525277820754192604e-01
9.771547834228622165e-01 2.525277820754192604e-01
9.914404977085764514e-01 2.525277820754192604e-01
1.676192162883176628e-01 3.667142693354297212e-02
1.747620734311748081e-01 4.904321841617780703e-02
1.819049305740319533e-01 6.141500989881264194e-02
1.890477877168890986e-01 7.378680138144748379e-02
1.961906448597462438e-01 8.615859286408232565e-02
3.567320530400016620e-01 5.335119252996955996e-01
3.638749101828587795e-01 5.458837167823303860e-01
3.710177673257158970e-01 5.582555082649651723e-01
3.781606244685730145e-01 5.706272997475999587e-01
3.853034816114301320e-01 5.829990912302347450e-01
3.418776593915817674e-02 9.866929803571615754e-01
4.133062308201532198e-02 9.990647718397963617e-01
4.798970815920732269e-01 6.859677359829841059e-01
4.941827958777875174e-01 6.859677359829841059e-01
5.084685101635018079e-01 6.859677359829841059e-01
5.227542244492160428e-01 6.859677359829841059e-01
5.370399387349302778e-01 6.859677359829841059e-01
5.801122296954680513e-01 2.542245798974932525e-01
5.872550868383251688e-01 2.418527884148584106e-01
5.943979439811822862e-01 2.294809969322235688e-01
6.015408011240394037e-01 2.171092054495887269e-01
6.086836582668965212e-01 2.047374139669538851e-01
4.888465802569201824e-01 6.668642575461043442e-01
4.959894373997772998e-01 6.544924660634695579e-01
5.031322945426344173e-01 6.421206745808347716e-01
5.102751516854915348e-01 6.297488830981999852e-01
5.174180088283486523e-01 6.173770916155651989e-01
2.553065247284318495e-01 6.616323503711467602e-01
2.624493818712889670e-01 6.492605588885119738e-01
2.695922390141460845e-01 6.368887674058771875e-01
2.767350961570032020e-01 6.245169759232424012e-01
2.838779532998603194e-01 6.121451844406076148e-01
2.441472904223742635e-01 8.308771913417054567e-01
2.512901475652313810e-01 8.185053998590706703e-01
2.584330047080884984e-01 8.061336083764358840e-01
2.655758618509456159e-01 7.937618168938010976e-01
2.727187189938027334e-01 7.813900254111663113e-01
6.895267510315611359e-01 6.765133857772465120e-01
6.966696081744182534e-01 6.641415942946117257e-01
7.038124653172753709e-01 6.517698028119769393e-01
7.109553224601324883e-01 6.393980113293421530e-01
7.180981796029896058e-01 6.270262198467073667e-01
9.408753563380648499e-01 8.268388837118774148e-01
9.480182134809219674e-01 8.392106751945122012e-01
9.551610706237790849e-01 8.515824666771469875e-01
9.623039277666362024e-01 8.639542581597817739e-01
9.694467849094933198e-01 8.763260496424165602e-01
9.994137257706665611e-01 4.821203886055602794e-02
8.664386675276454230e-01 9.933369373586284912e-01
1.091096317657497261e-01 6.505116477917157747e-01
1.233953460514640166e-01 6.505116477917157747e-01
1.376810603371783071e-01 6.505116477917157747e-01
1.519667746228925975e-01 6.505116477917157747e-01
1.662524889086068880e-01 6.505116477917157747e-01
9.013756495884442943e-01 8.778911590413275290e-01
9.085185067313014118e-01 8.655193675586927426e-01
9.156613638741585293e-01 8.531475760760579563e-01
9.228042210170156467e-01 8.407757845934231700e-01
9.299470781598727642e-01 8.284039931107883836e-01
4.355833148129329979e-01 8.178342161750216111e-01
4.498690290986472884e-01 8.178342161750216111e-01
4.641547433843615789e-01 8.178342161750216111e-01
4.784404576700758693e-01 8.178342161750216111e-01
4.927261719557901598e-01 8.178342161750216111e-01
5.444890979608495440e-01 5.758660498121570548e-03
6.954672066898621718e-01 3.885581012703457349e-01
7.026100638327192893e-01 4.009298927529805767e-01
7.097529209755764068e-01 4.133016842356154186e-01
7.168957781184335243e-01 4.256734757182502604e-01
7.240386352612906418e-01 4.380452672008851023e-01
5.964854749854215932e-01 5.456868884954734211e-01
6.036283321282787107e-01 5.333150970128386348e-01
6.107711892711358281e-01 5.209433055302038484e-01
6.179140464139929456e-01 5.085715140475690621e-01
6.250569035568500631e-01 4.961997225649342202e-01
2.272696272631514747e-01 7.319592376844363812e-02
2.344124844060086199e-01 6.082413228580880321e-02
2.415553415488657651e-01 4.845234080317396830e-02
2.486981986917229104e-01 3.608054932053913338e-02
2.558410558345800556e-01 2.370875783790429847e-02
4.634940438005723529e-01 3.797857801792298149e-01
4.777797580862866433e-01 3.797857801792298149e-01
4.920654723720009338e-01 3.797857801792298149e-01
5.063511866577151688e-01 3.797857801792298149e-01
5.206369009434294037e-01 3.797857801792298149e-01
3.988227808969004862e-01 5.801723692273322852e-01
4.059656380397576037e-01 5.678005777446974989e-01
4.131084951826147211e-01 5.554287862620627125e-01
4.202513523254718386e-01 5.430569947794279262e-01
4.273942094683289561e-01 5.306852032967931398e-01
7.181230762264944056e-01 9.555236959549346931e-01
7.252659333693515231e-01 9.678954874375694795e-01
7.324087905122086406e-01 9.802672789202042658e-01
7.395516476550657581e-01 9.926390704028390521e-01
8.223934188170580750e-01 4.308620915380333427e-01
8.295362759599151925e-01 4.184903000553985009e-01
8.366791331027723100e-01 4.061185085727636590e-01
8.438219902456294275e-01 3.937467170901288172e-01
8.509648473884865449e-01 3.813749256074939753e-01
3.800745089372052909e-01 1.971541265728773418e-01
3.872173660800624084e-01 2.095259180555121836e-01
3.943602232229195259e-01 2.218977095381470255e-01
4.015030803657766434e-01 2.342695010207818673e-01
4.086459375086337609e-01 2.466412925034167092e-01
3.516226872396344127e-01 1.014208284492165157e-01
3.587655443824915302e-01 1.137926199318513576e-01
3.659084015253486477e-01 1.261644114144861994e-01
3.730512586682057652e-01 1.385362028971210413e-01
3.801941158110628827e-01 1.509079943797558832e-01
6.173517574129742114e-01 5.230847245817846769e-01
6.316374716986884463e-01 5.230847245817846769e-01
6.459231859844026813e-01 5.230847245817846769e-01
6.602089002701169163e-01 5.230847245817846769e-01
6.744946145558311512e-01 5.230847245817846769e-01
3.072899649262865740e-01 8.030258978326634267e-01
3.144328220691436915e-01 7.906541063500286404e-01
3.215756792120008090e-01 7.782823148673938540e-01
3.287185363548579264e-01 7.659105233847590677e-01
3.358613934977150439e-01 7.535387319021242813e-01
